elapsedTime,eventRecognized,frq_rt, col_rt, frq_m, col_m, amp_rt, amp_m, total, framerate;
179928,0,0.6852823,0.007840979,8155.6465,158.86075,0.006852823,0.006852823,0,60.271442
179947,0,0.68545437,0.00784433,8157.6943,158.90063,0.0068545435,0.0068545435,0,60.088802
179963,0,0.6859898,0.007854761,8164.0664,159.02477,0.0068598976,0.0068598976,0,60.023052
179980,0,0.6868686,0.007871878,8174.5244,159.22849,0.006868686,0.006868686,0,59.87921
179995,0,0.68805635,0.007895015,8188.6597,159.50381,0.006880563,0.006880563,0,60.16691
180012,0,0.68945026,0.007922168,8205.249,159.82697,0.0068945023,0.0068945023,0,60.33281
180029,0,0.6911845,0.00795595,8225.888,160.22899,0.006911845,0.006911845,0,59.931984
180046,0,0.6930095,0.007991499,8247.605,160.65204,0.0069300947,0.0069300947,0,59.997204
180062,0,0.6949226,0.008028766,8270.373,161.09554,0.006949226,0.006949226,0,60.213886
180078,0,0.6968768,0.008066832,8293.63,161.54855,0.0069687683,0.0069687683,0,60.022976
180094,0,0.6987302,0.008102934,8315.686,161.97818,0.0069873016,0.0069873016,0,60.30061
180111,0,0.7007235,0.008141763,8339.408,162.44028,0.007007235,0.007007235,0,60.302746
180129,0,0.70249826,0.008176333,8360.528,162.85168,0.0070249825,0.0070249825,0,59.99659
180145,0,0.70399797,0.008205546,8378.376,163.19934,0.0070399796,0.0070399796,0,60.27746
180162,0,0.7045406,0.0082161175,8384.834,163.32515,0.007045406,0.007045406,0,60.225964
180178,0,0.70402503,0.008206074,8378.698,163.20563,0.00704025,0.00704025,0,60.073647
180195,0,0.70275414,0.008181318,8363.574,162.91101,0.0070275413,0.0070275413,0,59.920345
180212,0,0.700599,0.008139337,8337.927,162.41144,0.00700599,0.00700599,0,59.78613
180229,0,0.6978625,0.008086032,8305.36,161.77705,0.006978625,0.006978625,0,59.86579
180245,0,0.6949521,0.008029339,8270.724,161.10236,0.0069495207,0.0069495207,0,60.01596
180261,0,0.69222504,0.007976218,8238.2705,160.4702,0.00692225,0.00692225,0,60.260822
180279,0,0.6896878,0.007926795,8208.075,159.88202,0.0068968777,0.0068968777,0,59.884132
180295,0,0.6877026,0.007888124,8184.4497,159.42181,0.0068770256,0.0068770256,0,60.13688
180312,0,0.6863858,0.007862475,8168.779,159.11655,0.006863858,0.006863858,0,60.165848
180329,0,0.68615496,0.007857977,8166.0317,159.06303,0.0068615493,0.0068615493,0,60.053703
180345,0,0.6871056,0.007876495,8177.3447,159.28342,0.006871056,0.006871056,0,60.013817
180362,0,0.68840766,0.007901859,8192.841,159.58525,0.0068840766,0.0068840766,0,59.923462
180378,0,0.69004184,0.007933691,8212.289,159.9641,0.006900418,0.006900418,0,60.15453
180395,0,0.69151115,0.007962313,8229.774,160.30469,0.0069151116,0.0069151116,0,60.141743
180411,0,0.6932548,0.007996279,8250.525,160.70891,0.0069325482,0.0069325482,0,60.086475
180429,0,0.6946418,0.008023296,8267.032,161.03046,0.006946418,0.006946418,0,59.940445
180446,0,0.6959553,0.008048881,8282.663,161.33493,0.0069595524,0.0069595524,0,59.825935
180463,0,0.6970009,0.008069249,8295.106,161.57732,0.006970009,0.006970009,0,59.85664
180480,0,0.6970972,0.008071124,8296.252,161.59962,0.006970972,0.006970972,0,59.747772
180497,0,0.69701546,0.008069532,8295.279,161.58069,0.0069701546,0.0069701546,0,59.510635
180512,0,0.6959696,0.008049159,8282.833,161.33823,0.006959696,0.006959696,0,59.974735
180528,0,0.6941879,0.008014453,8261.63,160.92522,0.0069418787,0.0069418787,0,60.094166
180545,0,0.6918262,0.00796845,8233.524,160.37773,0.006918262,0.006918262,0,60.338436
180562,0,0.6882516,0.007898819,8190.9834,159.54907,0.006882516,0.006882516,0,60.024265
180579,0,0.6851657,0.007838707,8154.259,158.83371,0.006851657,0.006851657,0,60.063118
180595,0,0.681999,0.007777023,8116.573,158.09962,0.00681999,0.00681999,0,60.122574
180612,0,0.6789956,0.0077185184,8080.8306,157.40338,0.006789956,0.006789956,0,60.238544
180629,0,0.676476,0.0076694386,8050.845,156.81929,0.00676476,0.00676476,0,60.048378
180645,0,0.6737781,0.0076168855,8018.739,156.19388,0.006737781,0.006737781,0,60.013058
180662,0,0.6718914,0.007580133,7996.2856,155.7565,0.0067189136,0.0067189136,0,60.050827
180679,0,0.6701381,0.0075459806,7975.4204,155.35007,0.006701381,0.006701381,0,59.905506
180696,0,0.6688635,0.007521152,7960.251,155.05457,0.0066886344,0.0066886344,0,59.997723
180713,0,0.66815245,0.0075073014,7951.7896,154.88976,0.006681524,0.006681524,0,59.77312
180729,0,0.667563,0.0074958196,7944.775,154.75311,0.00667563,0.00667563,0,59.911583
180745,0,0.6677459,0.007499382,7946.951,154.7955,0.0066774585,0.0066774585,0,60.156147
180762,0,0.66814977,0.0075072492,7951.7573,154.88913,0.0066814977,0.0066814977,0,60.20061
180778,0,0.66875345,0.0075190086,7958.942,155.02908,0.0066875345,0.0066875345,0,60.180496
180795,0,0.6687865,0.0075196526,7959.3354,155.03674,0.006687865,0.006687865,0,60.157234
180812,0,0.66815466,0.0075073442,7951.816,154.89027,0.0066815466,0.0066815466,0,59.90399
180829,0,0.66725785,0.007489875,7941.143,154.68237,0.0066725784,0.0066725784,0,59.962044
180845,0,0.66590667,0.0074635553,7925.063,154.36914,0.0066590663,0.0066590663,0,60.10928
180862,0,0.6644023,0.0074342513,7907.16,154.0204,0.006644023,0.006644023,0,59.88589
180879,0,0.6629197,0.0074053714,7889.516,153.6767,0.006629197,0.006629197,0,60.039032
180895,0,0.6614744,0.007377218,7872.316,153.34167,0.0066147437,0.0066147437,0,60.045696
180912,0,0.66029966,0.0073543345,7858.336,153.06935,0.0066029965,0.0066029965,0,59.982788
180929,0,0.65928954,0.007334658,7846.3145,152.83517,0.0065928954,0.0065928954,0,59.944893
180946,0,0.6586091,0.007321404,7838.217,152.67743,0.0065860907,0.0065860907,0,59.908504
180962,0,0.65856403,0.0073205256,7837.6807,152.66699,0.0065856404,0.0065856404,0,59.960724
180980,0,0.65895563,0.007328154,7842.341,152.75778,0.006589556,0.006589556,0,59.779766
180996,0,0.6596302,0.0073412936,7850.3687,152.91414,0.0065963017,0.0065963017,0,59.739056
181013,0,0.66026556,0.0073536704,7857.93,153.06145,0.0066026556,0.0066026556,0,59.95077
181029,0,0.660874,0.0073655224,7865.171,153.20248,0.00660874,0.00660874,0,60.215443
181047,0,0.6618145,0.007383843,7876.364,153.4205,0.006618145,0.006618145,0,59.99056
181062,0,0.6626014,0.007399171,7885.728,153.60292,0.006626014,0.006626014,0,60.044655
181079,0,0.6631488,0.0074098343,7892.2427,153.72983,0.006631488,0.006631488,0,60.00688
181096,0,0.66305876,0.00740808,7891.171,153.70894,0.0066305874,0.0066305874,0,60.25575
181112,0,0.6621672,0.007390713,7880.5605,153.50226,0.006621672,0.006621672,0,60.06579
181129,0,0.66112936,0.007370496,7868.21,153.26167,0.006611293,0.006611293,0,59.861332
181146,0,0.6592409,0.007333711,7845.736,152.82391,0.0065924088,0.0065924088,0,59.93722
181163,0,0.65664196,0.007283085,7814.8066,152.22142,0.0065664193,0.0065664193,0,59.96582
181179,0,0.6530438,0.0072129956,7771.9863,151.38731,0.006530438,0.006530438,0,60.00295
181196,0,0.6481179,0.007117043,7713.3643,150.24539,0.006481179,0.006481179,0,59.8216
181213,0,0.643022,0.007017778,7652.7197,149.06409,0.00643022,0.00643022,0,59.71519
181230,0,0.63707244,0.006901885,7581.916,147.68488,0.006370724,0.006370724,0,59.644955
181246,0,0.6306874,0.0067775086,7505.9297,146.20473,0.006306874,0.006306874,0,59.946278
181263,0,0.6238894,0.006645088,7425.0283,144.62881,0.0062388936,0.0062388936,0,59.67169
181281,0,0.6163464,0.0064981566,7335.2617,142.88022,0.006163464,0.006163464,0,59.583145
181298,0,0.6094442,0.006363706,7253.1206,141.28017,0.0060944417,0.0060944417,0,59.435608
181314,0,0.6027106,0.0062325406,7172.9863,139.71922,0.0060271057,0.0060271057,0,59.783916
181330,0,0.5965681,0.0061128885,7099.886,138.29529,0.005965681,0.005965681,0,59.711678
181347,0,0.5910756,0.0060058986,7034.5215,137.02202,0.005910756,0.005910756,0,59.764477
181364,0,0.58595186,0.005906092,6973.546,135.83426,0.0058595184,0.0058595184,0,59.72237
181382,0,0.5822883,0.005834729,6929.9473,134.98499,0.005822883,0.005822883,0,59.402184
181398,0,0.57958883,0.0057821446,6897.8213,134.35919,0.005795888,0.005795888,0,59.632458
181416,0,0.57806736,0.005752507,6879.715,134.0065,0.0057806736,0.0057806736,0,59.602222
181432,0,0.57746774,0.0057408274,6872.5786,133.8675,0.0057746773,0.0057746773,0,59.347622
181448,0,0.5776208,0.0057438086,6874.4004,133.90297,0.005776208,0.005776208,0,59.934013
181464,0,0.5789446,0.0057695955,6890.155,134.20987,0.005789446,0.005789446,0,60.01361
181481,0,0.58084095,0.0058065346,6912.722,134.64946,0.0058084093,0.0058084093,0,60.044724
181497,0,0.5831619,0.005851745,6940.3433,135.18748,0.005831619,0.005831619,0,60.19454
181514,0,0.5854687,0.0058966805,6967.796,135.72226,0.005854687,0.005854687,0,60.172993
181531,0,0.58771354,0.005940408,6994.5107,136.24263,0.0058771353,0.0058771353,0,60.015717
181547,0,0.58985436,0.00598211,7019.9883,136.73892,0.0058985436,0.0058985436,0,60.086037
181564,0,0.5915044,0.006014251,7039.6245,137.12141,0.005915044,0.005915044,0,59.902138
181581,0,0.5925481,0.0060345815,7052.045,137.36336,0.0059254807,0.0059254807,0,59.95541
181597,0,0.59287953,0.006041038,7055.9897,137.4402,0.0059287953,0.0059287953,0,60.01413
181614,0,0.5929308,0.0060420367,7056.5996,137.45209,0.005929308,0.005929308,0,60.099678
181630,0,0.59303075,0.0060439836,7057.7896,137.47527,0.0059303073,0.0059303073,0,60.25661
181647,0,0.5931985,0.0060472507,7059.7856,137.51414,0.0059319846,0.0059319846,0,60.226143
181663,0,0.5933088,0.0060493997,7061.0986,137.53972,0.005933088,0.005933088,0,60.470978
181680,0,0.59348243,0.006052782,7063.1646,137.57996,0.0059348242,0.0059348242,0,60.33504
181696,0,0.5934216,0.0060515963,7062.4404,137.56586,0.0059342156,0.0059342156,0,60.37914
181713,0,0.59312725,0.0060458635,7058.938,137.49763,0.005931272,0.005931272,0,60.131172
181731,0,0.5927151,0.0060378346,7054.0327,137.40208,0.0059271506,0.0059271506,0,59.995502
181747,0,0.59182316,0.0060204607,7043.418,137.19531,0.0059182313,0.0059182313,0,59.90329
181764,0,0.59090155,0.0060025086,7032.45,136.98167,0.0059090154,0.0059090154,0,60.02803
181781,0,0.5893214,0.0059717274,7013.645,136.61536,0.0058932137,0.0058932137,0,59.940876
181798,0,0.5872422,0.0059312265,6988.9014,136.13336,0.005872422,0.005872422,0,59.878075
181814,0,0.5850042,0.0058876323,6962.268,135.61458,0.0058500418,0.0058500418,0,59.886276
181831,0,0.58163303,0.005821964,6922.1484,134.83307,0.00581633,0.00581633,0,59.902084
181847,0,0.5780854,0.005752859,6879.9297,134.01068,0.0057808543,0.0057808543,0,59.86502
181864,0,0.5734325,0.005662224,6824.5566,132.93205,0.005734325,0.005734325,0,59.825916
181881,0,0.56811744,0.0055586896,6761.3037,131.69994,0.0056811743,0.0056811743,0,59.79567
181897,0,0.5630572,0.00546012,6701.083,130.52687,0.005630572,0.005630572,0,59.887573
181914,0,0.5574439,0.005350777,6634.2812,129.22563,0.005574439,0.005574439,0,59.76234
181931,0,0.55289155,0.0052621,6580.105,128.1703,0.005528915,0.005528915,0,59.626743
181948,0,0.5482211,0.005171123,6524.524,127.08762,0.005482211,0.005482211,0,60.035248
181964,0,0.5439181,0.005087303,6473.3145,126.0901,0.0054391804,0.0054391804,0,60.069286
181981,0,0.54124415,0.005035217,6441.493,125.470245,0.005412441,0.005412441,0,60.04847
181997,0,0.53878427,0.0049873,6412.2188,124.899994,0.0053878427,0.0053878427,0,60.306774
182013,0,0.53828007,0.0049774786,6406.2183,124.78311,0.0053828005,0.0053828005,0,60.43239
182030,0,0.5378293,0.0049686977,6400.8535,124.67861,0.005378293,0.005378293,0,60.54315
182046,0,0.53691447,0.0049508777,6389.967,124.466545,0.0053691445,0.0053691445,0,60.485794
182063,0,0.5369759,0.004952075,6390.698,124.4808,0.005369759,0.005369759,0,60.236286
182080,0,0.5359885,0.004932841,6378.9473,124.2519,0.005359885,0.005359885,0,60.46413
182096,0,0.5360212,0.0049334774,6379.336,124.25947,0.0053602117,0.0053602117,0,60.34754
182113,0,0.5354582,0.004922511,6372.636,124.12896,0.005354582,0.005354582,0,60.170086
182130,0,0.5344271,0.0049024257,6360.3657,123.88994,0.0053442707,0.0053442707,0,60.009342
182146,0,0.53461957,0.004906175,6362.656,123.93455,0.005346196,0.005346196,0,60.18754
182163,0,0.53364104,0.004887114,6351.0107,123.70771,0.0053364104,0.0053364104,0,60.110844
182181,0,0.5338426,0.0048910403,6353.4097,123.75444,0.005338426,0.005338426,0,59.8738
182197,0,0.5333585,0.00488161,6347.6484,123.64221,0.005333585,0.005333585,0,60.005444
182214,0,0.53243095,0.004863542,6336.61,123.427185,0.005324309,0.005324309,0,59.89647
182231,0,0.5328306,0.004871327,6341.3657,123.51984,0.005328306,0.005328306,0,59.898895
182247,0,0.5319618,0.0048544034,6331.027,123.318436,0.0053196177,0.0053196177,0,59.920666
182265,0,0.5323083,0.0048611527,6335.15,123.39875,0.0053230827,0.0053230827,0,59.69497
182280,0,0.53174657,0.0048502106,6328.4653,123.26854,0.0053174654,0.0053174654,0,60.078773
182296,0,0.5307028,0.0048298794,6316.044,123.02658,0.005307028,0.005307028,0,60.164158
182313,0,0.5308185,0.004832133,6317.421,123.053406,0.0053081852,0.0053081852,0,60.16828
182330,0,0.529289,0.0048023392,6299.2188,122.69884,0.00529289,0.00529289,0,60.32137
182347,0,0.5286257,0.004789419,6291.325,122.54508,0.0052862572,0.0052862572,0,60.096443
182364,0,0.52644855,0.004747009,6265.415,122.04037,0.0052644853,0.0052644853,0,60.01224
182380,0,0.5235434,0.0046904194,6230.8423,121.36691,0.005235434,0.005235434,0,60.09574
182396,0,0.5213739,0.0046481593,6205.0234,120.86398,0.0052137394,0.0052137394,0,60.117268
182414,0,0.51724285,0.0045676883,6155.861,119.90633,0.005172428,0.005172428,0,60.064316
182430,0,0.51374626,0.0044995775,6114.249,119.09576,0.0051374626,0.0051374626,0,59.948406
182447,0,0.5086094,0.004399515,6053.117,117.90495,0.005086094,0.005086094,0,59.854057
182464,0,0.50352824,0.0043005375,5992.6475,116.72704,0.005035282,0.005035282,0,59.833195
182483,0,0.4996773,0.004225524,5946.819,115.834335,0.004996773,0.004996773,0,59.592365
182497,0,0.49458343,0.0041262987,5886.198,114.65349,0.004945834,0.004945834,0,60.054672
182514,0,0.49062946,0.004049279,5839.1436,113.73689,0.0049062944,0.0049062944,0,59.7062
182532,0,0.485155,0.0039426396,5773.993,112.46782,0.00485155,0.00485155,0,59.89287
182547,0,0.47959077,0.0038342527,5707.7754,111.17794,0.0047959075,0.0047959075,0,60.33386
182564,0,0.47478712,0.0037406809,5650.6084,110.06436,0.004747871,0.004747871,0,60.189816
182580,0,0.46855304,0.0036192453,5576.4185,108.6192,0.0046855304,0.0046855304,0,60.363544
182597,0,0.4631095,0.003513209,5511.6367,107.3573,0.0046310946,0.0046310946,0,60.12982
182614,0,0.45583603,0.003371527,5425.0776,105.67118,0.00455836,0.00455836,0,60.082993
182630,0,0.44834095,0.0032255282,5335.881,103.93369,0.004483409,0.004483409,0,60.090584
182647,0,0.44153267,0.0030929076,5254.8574,102.355415,0.0044153268,0.0044153268,0,60.14549
182664,0,0.43443805,0.0029547096,5170.427,100.71077,0.0043443805,0.0043443805,0,60.081947
182680,0,0.42928305,0.0028542937,5109.0786,99.51575,0.0042928304,0.0042928304,0,60.07846
182698,0,0.42362088,0.0027439985,5041.695,98.20316,0.0042362087,0.0042362087,0,59.793377
182714,0,0.4188966,0.0026519727,4985.4727,97.107994,0.0041889655,0.0041889655,0,59.825153
182731,0,0.41571054,0.0025899108,4947.556,96.3694,0.0041571055,0.0041571055,0,59.916893
182747,0,0.4121105,0.0025197845,4904.7134,95.53485,0.004121105,0.004121105,0,60.240173
182764,0,0.409814,0.0024750503,4877.3833,95.00249,0.0040981397,0.0040981397,0,60.062595
182780,0,0.40667528,0.00241391,4840.031,94.27489,0.0040667527,0.0040667527,0,60.239506
182797,0,0.40371826,0.0023563097,4804.84,93.589386,0.0040371823,0.0040371823,0,60.295387
182815,0,0.40162513,0.0023155366,4779.93,93.10417,0.0040162513,0.0040162513,0,60.10507
182831,0,0.39848483,0.002254366,4742.5586,92.3762,0.003984848,0.003984848,0,59.71709
182847,0,0.39606714,0.0022072713,4713.7866,91.815735,0.0039606714,0.0039606714,0,59.989925
182864,0,0.3929454,0.002146462,4676.6357,91.092064,0.003929454,0.003929454,0,60.136227
182881,0,0.39036053,0.0020961105,4645.874,90.49285,0.0039036053,0.0039036053,0,60.00776
182897,0,0.38925895,0.0020746526,4632.764,90.23747,0.0038925894,0.0038925894,0,60.053642
182914,0,0.38778323,0.0020459064,4615.202,89.89538,0.0038778323,0.0038778323,0,60.265556
182930,0,0.38760003,0.002042338,4613.022,89.85291,0.0038760002,0.0038760002,0,60.11436
182947,0,0.38733125,0.0020371021,4609.823,89.7906,0.0038733124,0.0038733124,0,59.999348
182965,0,0.38734728,0.0020374143,4610.014,89.79432,0.0038734728,0.0038734728,0,59.7688
182981,0,0.38867703,0.0020633172,4625.839,90.10258,0.0038867702,0.0038867702,0,60.013577
182997,0,0.38949752,0.0020792994,4635.6035,90.292786,0.0038949752,0.0038949752,0,60.02948
183013,0,0.3912537,0.0021135088,4656.5034,90.699905,0.003912537,0.003912537,0,60.212444
183030,0,0.3929594,0.0021467344,4676.802,91.0953,0.0039295936,0.0039295936,0,60.08316
183047,0,0.39463103,0.0021792967,4696.696,91.48282,0.0039463104,0.0039463104,0,60.20875
183064,0,0.3972078,0.0022294903,4727.361,92.080154,0.0039720777,0.0039720777,0,60.01322
183081,0,0.3989564,0.0022635516,4748.1704,92.48551,0.003989564,0.003989564,0,60.105442
183097,0,0.40100965,0.0023035477,4772.6055,92.96149,0.004010096,0.004010096,0,59.982536
183114,0,0.40271926,0.0023368497,4792.951,93.3578,0.0040271925,0.0040271925,0,59.828266
183131,0,0.40399775,0.0023617537,4808.166,93.65418,0.004039977,0.004039977,0,60.00116
183147,0,0.40559918,0.0023929486,4827.224,94.02542,0.004055992,0.004055992,0,60.232216
183164,0,0.4064888,0.002410278,4837.8115,94.23165,0.0040648878,0.0040648878,0,60.00959
183181,0,0.40746373,0.0024292688,4849.4136,94.45766,0.0040746373,0.0040746373,0,59.855198
183198,0,0.40816155,0.0024428617,4857.7183,94.61942,0.0040816152,0.0040816152,0,59.977417
183215,0,0.40857583,0.0024509316,4862.6484,94.71546,0.0040857582,0.0040857582,0,59.82057
183231,0,0.4090407,0.0024599866,4868.1807,94.82323,0.004090407,0.004090407,0,59.882687
183248,0,0.40919137,0.002462922,4869.9736,94.85815,0.004091914,0.004091914,0,59.737114
183264,0,0.4092691,0.0024644358,4870.899,94.876175,0.004092691,0.004092691,0,60.035305
183280,0,0.4085104,0.0024496568,4861.8696,94.70029,0.004085104,0.004085104,0,60.283245
183297,0,0.40622878,0.0024052127,4834.717,94.17137,0.0040622875,0.0040622875,0,60.10562
183314,0,0.4025383,0.0023333249,4790.798,93.315865,0.004025383,0.004025383,0,60.188183
183331,0,0.39774185,0.0022398932,4733.717,92.20396,0.0039774184,0.0039774184,0,59.984737
183347,0,0.3922427,0.0021327739,4668.273,90.92917,0.003922427,0.003922427,0,59.94477
183364,0,0.38614222,0.0020139408,4595.673,89.51497,0.0038614222,0.0038614222,0,60.095585
183381,0,0.3800659,0.0018955781,4523.3604,88.10637,0.0038006587,0.0038006587,0,59.961517
183398,0,0.3742683,0.001782645,4454.365,86.76239,0.0037426827,0.0037426827,0,59.885376
183414,0,0.36934882,0.0016868172,4395.82,85.62197,0.0036934882,0.0036934882,0,59.960384
183431,0,0.3654592,0.0016110501,4349.531,84.72029,0.003654592,0.003654592,0,59.902412
183448,0,0.36288324,0.0015608721,4318.875,84.12314,0.0036288323,0.0036288323,0,59.954693
183465,0,0.36202103,0.0015440768,4308.6143,83.92326,0.00362021,0.00362021,0,59.753345
183481,0,0.36265177,0.0015563631,4316.12,84.06947,0.0036265175,0.0036265175,0,59.840034
183499,0,0.365256,0.001607092,4347.113,84.67319,0.00365256,0.00365256,0,59.848648
183514,0,0.36902672,0.0016805428,4391.987,85.5473,0.0036902672,0.0036902672,0,60.111717
183531,0,0.3744574,0.0017863284,4456.615,86.80622,0.0037445738,0.0037445738,0,60.225655
183548,0,0.38119948,0.0019176597,4536.851,88.36916,0.0038119948,0.0038119948,0,59.973984
183564,0,0.38831118,0.0020561905,4621.485,90.01776,0.0038831118,0.0038831118,0,60.271446
183580,0,0.39600843,0.0022061274,4713.088,91.802124,0.003960084,0.003960084,0,60.256096
183597,0,0.4028,0.0023384225,4793.912,93.376526,0.004028,0.004028,0,60.081055
183614,0,0.40934226,0.002465861,4871.7695,94.893135,0.0040934226,0.0040934226,0,60.150414
183631,0,0.41509688,0.002577957,4940.2534,96.22715,0.0041509685,0.0041509685,0,59.94513
183648,0,0.41892272,0.0026524817,4985.7837,97.11405,0.0041892272,0.0041892272,0,60.020695
183664,0,0.4215158,0.0027029929,5016.643,97.71517,0.004215158,0.004215158,0,60.115814
183681,0,0.4216771,0.0027061354,5018.5625,97.752556,0.004216771,0.004216771,0,59.96672
183698,0,0.4201722,0.0026768208,5000.6533,97.4037,0.004201722,0.004201722,0,59.892048
183715,0,0.41721812,0.0026192772,4965.4976,96.71889,0.0041721812,0.0041721812,0,59.719494
183731,0,0.41191012,0.002515881,4902.3286,95.4884,0.004119101,0.004119101,0,59.943153
183748,0,0.40585437,0.0023979195,4830.261,94.08458,0.0040585436,0.0040585436,0,59.95409
183764,0,0.3982733,0.0022502453,4740.041,92.327156,0.003982733,0.003982733,0,59.95496
183781,0,0.38993236,0.00208777,4640.7783,90.393585,0.0038993235,0.0038993235,0,60.174843
183797,0,0.38178292,0.0019290246,4543.7944,88.50441,0.003817829,0.003817829,0,60.1474
183815,0,0.37287572,0.0017555186,4437.7925,86.43956,0.0037287571,0.0037287571,0,59.98039
183831,0,0.36537755,0.0016094595,4348.559,84.70136,0.0036537754,0.0036537754,0,60.20869
183848,0,0.35821766,0.0014699899,4263.3516,83.04158,0.0035821765,0.0035821765,0,59.884365
183865,0,0.35230774,0.0013548688,4193.019,81.67155,0.0035230774,0.0035230774,0,60.01241
183881,0,0.34839898,0.0012787291,4146.5024,80.76544,0.0034839897,0.0034839897,0,59.980415
183898,0,0.34497982,0.0012121261,4105.812,79.97282,0.003449798,0.003449798,0,60.253532
183915,0,0.3430871,0.0011752574,4083.2876,79.53406,0.003430871,0.003430871,0,60.143036
183932,0,0.34083554,0.0011313985,4056.4924,79.01211,0.0034083554,0.0034083554,0,59.90063
183948,0,0.33937114,0.0011028731,4039.0652,78.67264,0.0033937113,0.0033937113,0,59.879013
183965,0,0.33881542,0.0010920479,4032.4517,78.543816,0.003388154,0.003388154,0,59.80597
183982,0,0.33775997,0.0010714886,4019.891,78.29914,0.0033775996,0.0033775996,0,59.783745
183998,0,0.3381496,0.0010790784,4024.528,78.389465,0.003381496,0.003381496,0,59.92284
184015,0,0.33818,0.0010796705,4024.8896,78.396515,0.0033818,0.0033818,0,59.928192
184032,0,0.33924958,0.001100505,4037.6184,78.644455,0.0033924957,0.0033924957,0,60.064453
184047,0,0.34099963,0.0011345949,4058.4453,79.050156,0.0034099962,0.0034099962,0,60.2331
184064,0,0.34229642,0.0011598554,4073.878,79.35077,0.0034229641,0.0034229641,0,60.04798
184081,0,0.3448695,0.0012099771,4104.499,79.94724,0.003448695,0.003448695,0,59.994728
184098,0,0.3470244,0.0012519533,4130.144,80.44679,0.0034702441,0.0034702441,0,60.153263
184114,0,0.35026798,0.0013151356,4168.7446,81.1987,0.0035026798,0.0035026798,0,60.11905
184131,0,0.35362238,0.001380477,4208.6646,81.97632,0.0035362237,0.0035362237,0,60.085285
184148,0,0.35626486,0.0014319507,4240.112,82.58889,0.0035626485,0.0035626485,0,59.814644
184164,0,0.35980138,0.0015008397,4282.1987,83.40871,0.0035980137,0.0035980137,0,60.097668
184182,0,0.36260974,0.0015555447,4315.62,84.05974,0.0036260975,0.0036260975,0,59.991154
184198,0,0.3663388,0.0016281838,4359.9985,84.924194,0.0036633878,0.0036633878,0,59.93037
184215,0,0.37004814,0.0017004393,4404.142,85.78408,0.0037004813,0.0037004813,0,59.774494
184233,0,0.372963,0.001757219,4438.8315,86.45981,0.00372963,0.00372963,0,59.195625
184248,0,0.37669125,0.0018298425,4483.1997,87.324066,0.0037669125,0.0037669125,0,60.083332
184265,0,0.3796376,0.0018872353,4518.2637,88.00709,0.0037963758,0.0037963758,0,59.998985
184282,0,0.38345727,0.0019616398,4563.72,88.892555,0.0038345726,0.0038345726,0,59.688896
184299,0,0.38713008,0.0020331836,4607.429,89.74397,0.0038713007,0.0038713007,0,59.97384
184316,0,0.389953,0.0020881717,4641.024,90.39838,0.0038995298,0.0038995298,0,59.913322
184332,0,0.39327747,0.0021529302,4680.5874,91.16904,0.0039327745,0.0039327745,0,59.915283
184349,0,0.3956166,0.0021984947,4708.4243,91.71129,0.0039561656,0.0039561656,0,60.089073
184365,0,0.39858544,0.002256326,4743.756,92.39952,0.0039858543,0.0039858543,0,60.19792
184381,0,0.40118715,0.0023070052,4774.7183,93.00264,0.0040118713,0.0040118713,0,60.47868
184398,0,0.40296006,0.0023415403,4795.817,93.413635,0.0040296004,0.0040296004,0,60.34884
184414,0,0.40542656,0.002389586,4825.17,93.985405,0.0040542656,0.0040542656,0,60.365448
184432,0,0.4073498,0.0024270492,4848.0576,94.431244,0.004073498,0.004073498,0,60.05043
184448,0,0.4102611,0.0024837593,4882.704,95.10613,0.004102611,0.004102611,0,60.033398
184465,0,0.41316837,0.002540391,4917.3027,95.78008,0.0041316836,0.0041316836,0,60.010765
184482,0,0.4157503,0.0025906852,4948.0293,96.378624,0.0041575027,0.0041575027,0,60.015076
184498,0,0.4193011,0.0026598522,4990.2866,97.20177,0.0041930107,0.0041930107,0,59.970463
184514,0,0.42264622,0.002725013,5030.0957,97.97722,0.004226462,0.004226462,0,60.246063
184532,0,0.4272722,0.0028151239,5085.148,99.0496,0.0042727217,0.0042727217,0,60.074356
184548,0,0.4321315,0.0029097795,5142.977,100.17606,0.004321315,0.004321315,0,60.202244
184565,0,0.43694746,0.003003591,5200.2905,101.29249,0.0043694745,0.0043694745,0,60.236973
184581,0,0.44263414,0.0031143634,5267.966,102.610756,0.004426341,0.004426341,0,60.16589
184598,0,0.44803607,0.0032195894,5332.2524,103.86302,0.0044803605,0.0044803605,0,60.133522
184614,0,0.45440942,0.0033437377,5408.0996,105.34046,0.004544094,0.004544094,0,60.199165
184632,0,0.46048015,0.0034619914,5480.3457,106.74777,0.0046048015,0.0046048015,0,59.94048
184648,0,0.4660546,0.0035705774,5546.6855,108.04002,0.004660546,0.004660546,0,60.013176
184665,0,0.4717212,0.003680959,5614.122,109.35364,0.0047172117,0.0047172117,0,59.959522
184682,0,0.4765771,0.0037755484,5671.9106,110.47932,0.004765771,0.004765771,0,59.82113
184699,0,0.4816405,0.0038741797,5732.1685,111.65309,0.0048164045,0.0048164045,0,59.863804
184715,0,0.48583174,0.0039558224,5782.047,112.624695,0.0048583173,0.0048583173,0,59.853813
184732,0,0.48916125,0.004020679,5821.6704,113.39653,0.0048916126,0.0048916126,0,59.921173
184749,0,0.49210545,0.00407803,5856.7085,114.07905,0.0049210545,0.0049210545,0,59.732067
184765,0,0.49421158,0.004119056,5881.773,114.56729,0.004942116,0.004942116,0,60.1689
184781,0,0.49618804,0.0041575558,5905.2944,115.02547,0.0049618804,0.0049618804,0,59.963806
184799,0,0.49740288,0.00418122,5919.7515,115.30708,0.0049740286,0.0049740286,0,60.015877
184815,0,0.49803603,0.0041935532,5927.2866,115.453865,0.00498036,0.00498036,0,60.20526
184832,0,0.4984386,0.004201395,5932.0776,115.54719,0.004984386,0.004984386,0,60.066097
184849,0,0.49849406,0.0042024753,5932.7373,115.560036,0.0049849404,0.0049849404,0,59.893692
184865,0,0.498564,0.004203838,5933.57,115.576256,0.00498564,0.00498564,0,59.996883
184882,0,0.49841487,0.004200933,5931.795,115.54169,0.004984149,0.004984149,0,60.240856
184898,0,0.49821597,0.0041970583,5929.428,115.495575,0.0049821595,0.0049821595,0,60.080166
184915,0,0.49811342,0.0041950606,5928.2075,115.4718,0.004981134,0.004981134,0,60.0511
184932,0,0.4980884,0.004194573,5927.9097,115.466,0.0049808836,0.0049808836,0,60.004364
184949,0,0.49861932,0.0042049154,5934.228,115.58907,0.004986193,0.004986193,0,59.95614
184965,0,0.50024205,0.004236525,5953.5396,115.96525,0.0050024204,0.0050024204,0,59.924397
184983,0,0.5028956,0.0042882143,5985.1187,116.58039,0.0050289556,0.0050289556,0,59.668728
184999,0,0.50634396,0.004355386,6026.1567,117.37978,0.0050634397,0.0050634397,0,59.713104
185015,0,0.5102346,0.0044311727,6072.458,118.2817,0.0051023457,0.0051023457,0,60.01845
185032,0,0.5145167,0.0045145852,6123.418,119.27436,0.005145167,0.005145167,0,60.304443
185050,0,0.51892436,0.004600443,6175.872,120.296135,0.0051892432,0.0051892432,0,60.086052
185065,0,0.5231797,0.0046833344,6226.5137,121.28259,0.0052317968,0.0052317968,0,60.130463
185082,0,0.5268296,0.004754432,6269.9497,122.1287,0.0052682958,0.0052682958,0,60.02515
185099,0,0.52959055,0.004808213,6302.807,122.76874,0.0052959053,0.0052959053,0,59.952057
185115,0,0.5313285,0.0048420676,6323.4897,123.17162,0.0053132847,0.0053132847,0,60.249016
185132,0,0.5320872,0.0048568463,6332.519,123.3475,0.005320872,0.005320872,0,59.858967
185149,0,0.5316878,0.004849066,6327.7656,123.25491,0.0053168777,0.0053168777,0,59.996056
185165,0,0.52973104,0.00481095,6304.479,122.8013,0.00529731,0.00529731,0,60.053066
185183,0,0.5264293,0.004746634,6265.186,122.03591,0.005264293,0.005264293,0,59.892265
185199,0,0.521523,0.004651063,6206.798,120.898544,0.00521523,0.00521523,0,59.924812
185216,0,0.5158169,0.0045399126,6138.8916,119.575775,0.005158169,0.005158169,0,59.861492
185233,0,0.5093842,0.004414608,6062.338,118.08457,0.005093842,0.005093842,0,59.665417
185249,0,0.50240743,0.004278705,5979.309,116.467224,0.005024074,0.005024074,0,59.928734
185265,0,0.4954292,0.0041427743,5896.263,114.84955,0.004954292,0.004954292,0,60.25822
185282,0,0.48808762,0.0039997655,5808.8936,113.147644,0.0048808763,0.0048808763,0,60.00493
185299,0,0.4816122,0.0038736286,5731.8315,111.64654,0.004816122,0.004816122,0,60.058002
185319,0,0.4758804,0.0037619774,5663.6196,110.31782,0.004758804,0.004758804,0,60.151077
185332,0,0.471108,0.0036690142,5606.824,109.21148,0.00471108,0.00471108,0,60.02649
185349,0,0.46738544,0.0035965014,5562.5234,108.34853,0.0046738544,0.0046738544,0,60.009007
185365,0,0.46395114,0.0035296036,5521.653,107.5524,0.0046395115,0.0046395115,0,60.248093
185382,0,0.46131045,0.0034781648,5490.2266,106.94024,0.0046131043,0.0046131043,0,60.032787
185399,0,0.4590199,0.0034335465,5462.968,106.40926,0.004590199,0.004590199,0,59.931843
185416,0,0.4570635,0.0033954373,5439.685,105.95573,0.004570635,0.004570635,0,59.967148
185432,0,0.45539376,0.0033629118,5419.814,105.56866,0.0045539374,0.0045539374,0,60.062016
185450,0,0.45380402,0.0033319448,5400.895,105.20012,0.00453804,0.00453804,0,59.82608
185466,0,0.45287576,0.0033138632,5389.848,104.98494,0.0045287577,0.0045287577,0,59.736088
185483,0,0.45238096,0.0033042247,5383.9595,104.87023,0.0045238095,0.0045238095,0,59.696022
185499,0,0.45209303,0.003298616,5380.533,104.80349,0.0045209303,0.0045209303,0,59.864304
185516,0,0.45203686,0.003297522,5379.8647,104.790474,0.0045203683,0.0045203683,0,60.11536
185533,0,0.4521346,0.003299426,5381.028,104.813126,0.004521346,0.004521346,0,59.908745
185549,0,0.4526626,0.0033097106,5387.3115,104.935524,0.004526626,0.004526626,0,60.155357
185566,0,0.45366085,0.003329156,5399.1914,105.16694,0.0045366082,0.0045366082,0,60.08789
185582,0,0.45558548,0.0033666466,5422.0957,105.6131,0.0045558545,0.0045558545,0,60.010387
185599,0,0.4584639,0.0034227162,5456.351,106.28037,0.004584639,0.004584639,0,60.074284
185615,0,0.46233335,0.0034980904,5502.4,107.17737,0.0046233335,0.0046233335,0,60.052834
185634,0,0.46701384,0.0035892627,5558.101,108.26238,0.0046701385,0.0046701385,0,59.613247
185650,0,0.4722482,0.0036912246,5620.3936,109.47581,0.004722482,0.004722482,0,59.803925
185666,0,0.477548,0.003794461,5683.465,110.704384,0.00477548,0.00477548,0,59.986843
185683,0,0.48251083,0.0038911337,5742.526,111.85486,0.004825108,0.004825108,0,60.046993
185699,0,0.4872557,0.0039835596,5798.993,112.954796,0.004872557,0.004872557,0,59.99919
185717,0,0.49134722,0.00406326,5847.685,113.90328,0.004913472,0.004913472,0,59.82001
185734,0,0.4945134,0.004124935,5885.3647,114.63726,0.004945134,0.004945134,0,59.747063
185750,0,0.49658796,0.0041653463,5910.0537,115.11817,0.0049658795,0.0049658795,0,59.95163
185766,0,0.49740148,0.0041811927,5919.735,115.306755,0.0049740146,0.0049740146,0,60.127964
185782,0,0.4972842,0.004178908,5918.3394,115.27957,0.004972842,0.004972842,0,60.08025
185800,0,0.4963514,0.0041607376,5907.2383,115.06334,0.004963514,0.004963514,0,60.00404
185816,0,0.49463028,0.004127212,5886.756,114.66435,0.0049463026,0.0049463026,0,60.02856
185832,0,0.4924122,0.0040840055,5860.3594,114.15017,0.004924122,0.004924122,0,60.139645
185850,0,0.489906,0.0040351865,5830.5337,113.56919,0.00489906,0.00489906,0,59.9385
185866,0,0.4874044,0.003986457,5800.7627,112.989265,0.004874044,0.004874044,0,60.120895
185883,0,0.48487434,0.0039371727,5770.6533,112.402756,0.0048487433,0.0048487433,0,60.06664
185900,0,0.48267245,0.0038942818,5744.449,111.89232,0.0048267245,0.0048267245,0,59.98224
185916,0,0.48118347,0.0038652772,5726.7295,111.54715,0.0048118345,0.0048118345,0,60.00346
185932,0,0.4805839,0.0038535984,5719.594,111.40816,0.004805839,0.004805839,0,60.1179
185950,0,0.4813058,0.0038676604,5728.1855,111.57551,0.004813058,0.004813058,0,59.88847
185967,0,0.48288405,0.0038984034,5746.968,111.941376,0.0048288405,0.0048288405,0,59.788307
185983,0,0.4857174,0.0039535947,5780.686,112.59819,0.0048571737,0.0048571737,0,59.736244
186000,0,0.49054152,0.004047565,5838.0967,113.71651,0.0049054152,0.0049054152,0,59.894962
186016,0,0.49706265,0.004174593,5915.7026,115.22822,0.0049706264,0.0049706264,0,60.12333
186033,0,0.50585747,0.004345909,6020.367,117.267006,0.0050585745,0.0050585745,0,60.139214
186050,0,0.51556975,0.004535098,6135.9497,119.51848,0.0051556975,0.0051556975,0,60.07443
186066,0,0.5261473,0.004741141,6261.83,121.970535,0.005261473,0.005261473,0,60.11876
186083,0,0.53723985,0.0049572163,6393.839,124.54197,0.0053723985,0.0053723985,0,59.945717
186099,0,0.5479933,0.005166686,6521.8125,127.034805,0.0054799328,0.0054799328,0,60.108727
186116,0,0.55906475,0.0053823497,6653.5703,129.60136,0.0055906475,0.0055906475,0,60.167793
186133,0,0.56868327,0.005569712,6768.0376,131.8311,0.0056868326,0.0056868326,0,60.019604
186150,0,0.5769096,0.0057299547,6865.9365,133.7381,0.005769096,0.005769096,0,60.038048
186166,0,0.5835504,0.005859313,6944.9663,135.27754,0.005835504,0.005835504,0,60.057247
186183,0,0.58831185,0.005952063,7001.6313,136.38133,0.0058831186,0.0058831186,0,59.864212
186200,0,0.59227324,0.0060292277,7048.7744,137.29965,0.0059227324,0.0059227324,0,60.031364
186216,0,0.59481776,0.006078793,7079.056,137.88953,0.0059481775,0.0059481775,0,59.87015
186234,0,0.59646785,0.006110936,7098.6934,138.27205,0.0059646782,0.0059646782,0,59.80302
186250,0,0.59745455,0.006130156,7110.4355,138.50078,0.005974545,0.005974545,0,60.01239
186266,0,0.597929,0.006139398,7116.082,138.61075,0.0059792898,0.0059792898,0,60.075115
186283,0,0.59839624,0.0061484994,7121.6426,138.71909,0.005983962,0.005983962,0,60.08104
186299,0,0.59818107,0.0061443085,7119.0815,138.66917,0.0059818104,0.0059818104,0,60.1504
186316,0,0.5978645,0.0061381417,7115.3145,138.59581,0.005978645,0.005978645,0,60.166733
186333,0,0.5977991,0.006136868,7114.536,138.58064,0.005977991,0.005977991,0,59.927376
186349,0,0.5981072,0.0061428696,7118.2026,138.65207,0.005981072,0.005981072,0,60.090786
186366,0,0.5991876,0.006163915,7131.06,138.90253,0.005991876,0.005991876,0,60.087914
186383,0,0.6004679,0.0061888546,7146.297,139.19933,0.006004679,0.006004679,0,60.067535
186400,0,0.6020906,0.0062204627,7165.608,139.5755,0.006020906,0.006020906,0,59.91808
186416,0,0.60295564,0.006237313,7175.9023,139.77602,0.006029556,0.006029556,0,59.9779
186433,0,0.6028603,0.0062354556,7174.7676,139.75392,0.0060286024,0.0060286024,0,59.98986
186450,0,0.60207236,0.0062201074,7165.3906,139.57126,0.0060207234,0.0060207234,0,59.91433
186467,0,0.6002844,0.0061852797,7144.113,139.15678,0.006002844,0.006002844,0,59.706013
186484,0,0.59789073,0.0061386526,7115.6265,138.60188,0.005978907,0.005978907,0,59.717873
186500,0,0.5952379,0.006086977,7084.056,137.98692,0.005952379,0.005952379,0,59.869495
186517,0,0.592602,0.006035632,7052.687,137.37587,0.00592602,0.00592602,0,59.972588
186533,0,0.59009063,0.0059867124,7022.8,136.79369,0.0059009064,0.0059009064,0,60.065506
186550,0,0.5877903,0.005941903,6995.4243,136.26044,0.005877903,0.005877903,0,60.051025
186567,0,0.5859933,0.005906899,6974.0386,135.84386,0.005859933,0.005859933,0,59.90361
186583,0,0.5848842,0.005885295,6960.84,135.58676,0.005848842,0.005848842,0,60.00525
186600,0,0.5845217,0.0058782334,6956.526,135.50272,0.005845217,0.005845217,0,60.09967
186616,0,0.58427715,0.00587347,6953.6157,135.44603,0.0058427714,0.0058427714,0,59.941566
186633,0,0.58351433,0.0058586104,6944.5376,135.2692,0.0058351434,0.0058351434,0,60.055706
186650,0,0.58211887,0.005831428,6927.93,134.9457,0.0058211884,0.0058211884,0,60.21402
186667,0,0.5802564,0.005795148,6905.7656,134.51393,0.005802564,0.005802564,0,59.948086
186683,0,0.5779061,0.005749366,6877.7954,133.9691,0.0057790605,0.0057790605,0,59.977108
186700,0,0.5746887,0.0056866924,6839.506,133.22325,0.0057468866,0.0057468866,0,60.031445
186717,0,0.5711016,0.0056168195,6796.8174,132.39171,0.005711016,0.005711016,0,59.83169
186734,0,0.5667117,0.0055313073,6744.5747,131.37405,0.005667117,0.005667117,0,59.95626
186751,0,0.5619538,0.0054386263,6687.952,130.27109,0.0056195376,0.0056195376,0,59.867706
186767,0,0.5568356,0.0053389273,6627.042,129.08461,0.005568356,0.005568356,0,60.04927
186783,0,0.5507072,0.0052195513,6554.1104,127.663956,0.005507072,0.005507072,0,60.00889
186800,0,0.5444508,0.0050976807,6479.655,126.2136,0.005444508,0.005444508,0,59.94753
186817,0,0.53775346,0.004967221,6399.9517,124.66104,0.0053775343,0.0053775343,0,59.942543
186834,0,0.5318745,0.0048527024,6329.9873,123.29819,0.0053187446,0.0053187446,0,59.983788
186850,0,0.526512,0.0047482457,6266.1704,122.055084,0.00526512,0.00526512,0,59.8884
186867,0,0.5225279,0.004670637,6218.7563,121.131485,0.0052252784,0.0052252784,0,59.91231
186883,0,0.51905227,0.0046029347,6177.3945,120.32579,0.0051905224,0.0051905224,0,60.058113
186900,0,0.5162945,0.004549215,6144.5747,119.68648,0.0051629446,0.0051629446,0,60.16497
186917,0,0.51417166,0.004507864,6119.3115,119.194374,0.0051417165,0.0051417165,0,59.925915
186934,0,0.51244587,0.004474247,6098.7734,118.794304,0.0051244586,0.0051244586,0,59.996178
186951,0,0.51156825,0.0044571515,6088.329,118.59085,0.0051156823,0.0051156823,0,59.924393
186968,0,0.5106158,0.0044385986,6076.9946,118.37007,0.005106158,0.005106158,0,59.648663
186984,0,0.51015806,0.0044296817,6071.5474,118.263954,0.0051015806,0.0051015806,0,59.73972
187001,0,0.5094798,0.0044164704,6063.4756,118.10673,0.0050947983,0.0050947983,0,59.938683
187017,0,0.50900644,0.004407249,6057.8423,117.997,0.0050900644,0.0050900644,0,59.9618
187034,0,0.5089839,0.0044068103,6057.5737,117.99176,0.005089839,0.005089839,0,60.11148
187051,0,0.50857717,0.0043988875,6052.7334,117.89748,0.0050857714,0.0050857714,0,59.85105
187067,0,0.5090626,0.0044083428,6058.5103,118.01001,0.005090626,0.005090626,0,60.043922
187084,0,0.5091123,0.0044093113,6059.102,118.02154,0.005091123,0.005091123,0,60.18126
187100,0,0.5099524,0.004425676,6069.1,118.21629,0.0050995243,0.0050995243,0,60.058502
187117,0,0.51143974,0.004454648,6086.8,118.56107,0.0051143975,0.0051143975,0,60.075794
187134,0,0.51275194,0.0044802087,6102.416,118.86526,0.0051275194,0.0051275194,0,59.98479
187150,0,0.5156839,0.004537321,6137.308,119.54494,0.005156839,0.005156839,0,60.214703
187167,0,0.518281,0.0045879106,6168.2153,120.14699,0.0051828097,0.0051828097,0,60.014866
187183,0,0.52222043,0.004664649,6215.0977,121.06022,0.005222204,0.005222204,0,60.010746
187200,0,0.5269343,0.0047564716,6271.1963,122.15298,0.005269343,0.005269343,0,59.980267
187218,0,0.5316484,0.0048482986,6327.297,123.24578,0.005316484,0.005316484,0,59.63622
187234,0,0.5381088,0.004974143,6404.1807,124.74342,0.0053810882,0.0053810882,0,59.871975
187250,0,0.5435659,0.005080444,6469.124,126.00848,0.005435659,0.005435659,0,59.961823
187267,0,0.54959416,0.0051978696,6540.864,127.405914,0.0054959417,0.0054959417,0,60.08212
187284,0,0.5555002,0.005312915,6611.15,128.77504,0.005555002,0.005555002,0,60.24454
187300,0,0.56044316,0.0054092,6669.9746,129.9209,0.0056044315,0.0056044315,0,60.00472
187317,0,0.5660264,0.0055179573,6736.419,131.2152,0.005660264,0.005660264,0,60.000256
187334,0,0.5698966,0.0055933464,6782.4766,132.11237,0.005698966,0.005698966,0,60.065304
187351,0,0.57339144,0.0056614233,6824.068,132.92253,0.005733914,0.005733914,0,59.832184
187367,0,0.57628447,0.005717778,6858.497,133.59319,0.0057628443,0.0057628443,0,60.0575
187384,0,0.57752675,0.0057419767,6873.2812,133.88116,0.0057752673,0.0057752673,0,60.136192
187401,0,0.578544,0.0057617924,6885.387,134.11697,0.00578544,0.00578544,0,59.76751
187417,0,0.5775252,0.0057419464,6873.2627,133.88081,0.005775252,0.005775252,0,60.023544
187434,0,0.5753315,0.005699215,6847.1562,133.37228,0.005753315,0.005753315,0,59.94557
187450,0,0.57235414,0.0056412173,6811.723,132.68207,0.005723541,0.005723541,0,60.15562
187468,0,0.5669824,0.00553658,6747.796,131.4368,0.005669824,0.005669824,0,59.857014
187484,0,0.56058687,0.0054119998,6671.6846,129.95421,0.0056058685,0.0056058685,0,60.01475
187501,0,0.5521423,0.005247506,6571.189,127.996635,0.005521423,0.005521423,0,59.8949
187517,0,0.5420641,0.005051188,6451.2505,125.66032,0.0054206406,0.0054206406,0,60.03208
187535,0,0.5321149,0.0048573865,6332.849,123.353935,0.0053211492,0.0053211492,0,60.133232
187551,0,0.5206026,0.0046331338,6195.844,120.68518,0.0052060257,0.0052060257,0,60.076405
187567,0,0.5089509,0.0044061667,6057.181,117.984116,0.005089509,0.005089509,0,60.024994
187584,0,0.49671054,0.0041677337,5911.512,115.14659,0.004967105,0.004967105,0,60.09146
187600,0,0.48383263,0.003916881,5758.2563,112.16127,0.004838326,0.004838326,0,60.074932
187617,0,0.47258645,0.0036978135,5624.419,109.554214,0.0047258646,0.0047258646,0,60.05125
187634,0,0.46106094,0.0034733047,5487.2573,106.88241,0.0046106093,0.0046106093,0,60.0458
187651,0,0.4504774,0.0032671443,5361.306,104.42896,0.0045047738,0.0045047738,0,60.202953
187667,0,0.4409881,0.0030822998,5248.377,102.22918,0.004409881,0.004409881,0,60.111683
187684,0,0.43215498,0.0029102368,5143.257,100.18152,0.0043215496,0.0043215496,0,59.95898
187701,0,0.42594552,0.0027892808,5069.36,98.74206,0.004259455,0.004259455,0,59.958954
187718,0,0.4204287,0.002681817,5003.7056,97.46315,0.0042042867,0.0042042867,0,59.753384
187734,0,0.4161743,0.0025989444,4953.075,96.476906,0.004161743,0.004161743,0,59.93935
187751,0,0.4123599,0.0025246425,4907.6816,95.59268,0.004123599,0.004123599,0,59.7613
187767,0,0.40823644,0.0024443206,4858.6094,94.63678,0.0040823645,0.0040823645,0,60.265793
187784,0,0.40534675,0.0023880315,4824.22,93.9669,0.0040534674,0.0040534674,0,60.188217
187800,0,0.40190232,0.0023209362,4783.229,93.16843,0.004019023,0.004019023,0,60.27685
187817,0,0.39847562,0.0022541867,4742.4487,92.374054,0.0039847563,0.0039847563,0,59.961433
187834,0,0.39405176,0.002168013,4689.802,91.348526,0.0039405175,0.0039405175,0,60.154385
187850,0,0.38843012,0.0020585074,4622.9004,90.045334,0.003884301,0.003884301,0,60.175545
187868,0,0.38374147,0.0019671759,4567.1025,88.958435,0.0038374146,0.0038374146,0,59.96571
187884,0,0.37910777,0.0018769146,4511.958,87.88426,0.0037910778,0.0037910778,0,60.02202
187901,0,0.37549216,0.001806485,4468.9297,87.0461,0.0037549215,0.0037549215,0,59.904182
187917,0,0.37187847,0.001736093,4425.925,86.20839,0.0037187848,0.0037187848,0,60.23778
187934,0,0.36825538,0.0016655176,4382.807,85.36849,0.0036825538,0.0036825538,0,60.14356
187951,0,0.36577234,0.0016171497,4353.2573,84.792885,0.0036577233,0.0036577233,0,59.99091
187968,0,0.36317194,0.0015664957,4322.3105,84.19006,0.0036317192,0.0036317192,0,59.815372
187984,0,0.36114246,0.001526963,4298.1587,83.7196,0.0036114245,0.0036114245,0,59.831882
188001,0,0.35875037,0.0014803668,4269.691,83.16507,0.0035875037,0.0035875037,0,59.832104
188017,0,0.3559969,0.0014267312,4236.923,82.52677,0.003559969,0.003559969,0,60.12139
188034,0,0.35381126,0.0013841564,4210.912,82.020096,0.0035381126,0.0035381126,0,60.066147
188051,0,0.3512009,0.0013333085,4179.847,81.41497,0.003512009,0.003512009,0,60.051064
188068,0,0.34880504,0.0012866387,4151.335,80.85958,0.0034880503,0.0034880503,0,59.960682
188084,0,0.346276,0.0012373745,4121.2373,80.27329,0.0034627598,0.0034627598,0,60.226578
188100,0,0.3437724,0.0011886067,4091.4434,79.692924,0.003437724,0.003437724,0,60.13972
188118,0,0.3419844,0.0011537772,4070.1646,79.27843,0.0034198437,0.0034198437,0,59.826214
188134,0,0.34022546,0.0011195145,4049.2322,78.87069,0.0034022545,0.0034022545,0,60.070225
188150,0,0.33890924,0.0010938755,4033.568,78.56556,0.0033890924,0.0033890924,0,60.1886
188168,0,0.33759776,0.0010683287,4017.9607,78.261536,0.0033759775,0.0033759775,0,59.803272
188184,0,0.33638847,0.0010447727,4003.5693,77.9812,0.0033638845,0.0033638845,0,60.02988
188201,0,0.33562493,0.0010298996,3994.4827,77.8042,0.0033562493,0.0033562493,0,60.101845
188218,0,0.33495605,0.0010168701,3986.5225,77.64915,0.0033495603,0.0033495603,0,59.85051
188235,0,0.3345467,0.0010088959,3981.6506,77.554245,0.0033454667,0.0033454667,0,59.802193
188251,0,0.33423895,0.0010029015,3977.9885,77.48291,0.0033423894,0.0033423894,0,59.86201
188267,0,0.3341193,0.0010005707,3976.5645,77.45516,0.0033411928,0.0033411928,0,60.128757
188284,0,0.33385813,9.954835E-4,3973.4565,77.39463,0.0033385812,0.0033385812,0,60.142998
188301,0,0.3330819,9.80363E-4,3964.2188,77.21468,0.0033308188,0.0033308188,0,60.004448
188318,0,0.3318063,9.5551525E-4,3949.0383,76.918976,0.003318063,0.003318063,0,60.030983
188334,0,0.3301843,9.2392E-4,3929.7356,76.54298,0.003301843,0.003301843,0,60.02498
188351,0,0.3282918,8.870553E-4,3907.2134,76.10426,0.003282918,0.003282918,0,60.012386
188368,0,0.3262745,8.4775995E-4,3883.2063,75.63662,0.003262745,0.003262745,0,59.925213
188385,0,0.32428026,8.089133E-4,3859.4731,75.17432,0.0032428026,0.0032428026,0,59.925983
188401,0,0.32234403,7.7119697E-4,3836.4307,74.725464,0.0032234404,0.0032234404,0,59.950645
188417,0,0.32081556,7.414234E-4,3818.241,74.37114,0.0032081555,0.0032081555,0,60.112442
188435,0,0.31969258,7.1954855E-4,3804.8767,74.11081,0.0031969259,0.0031969259,0,59.80719
188451,0,0.31898803,7.0582423E-4,3796.492,73.94748,0.0031898802,0.0031898802,0,59.95541
188468,0,0.3190007,7.06071E-4,3796.6426,73.95042,0.0031900068,0.0031900068,0,59.811733
188485,0,0.31934932,7.12862E-4,3800.7915,74.031235,0.003193493,0.003193493,0,59.86867
188502,0,0.31964532,7.186278E-4,3804.3142,74.09985,0.003196453,0.003196453,0,59.88107
188518,0,0.31955406,7.168502E-4,3803.2283,74.078705,0.0031955405,0.0031955405,0,60.26154
188534,0,0.31900752,7.062039E-4,3796.7239,73.952,0.003190075,0.003190075,0,60.091522
188551,0,0.31843832,6.951164E-4,3789.9502,73.82005,0.003184383,0.003184383,0,60.20111
188568,0,0.31745827,6.7602575E-4,3778.2869,73.592865,0.0031745827,0.0031745827,0,59.84114
188584,0,0.31667334,6.6073576E-4,3768.9456,73.4109,0.0031667333,0.0031667333,0,60.2428
188601,0,0.31586298,6.449506E-4,3759.3018,73.223045,0.0031586299,0.0031586299,0,60.052853
188618,0,0.31498677,6.278825E-4,3748.8743,73.01992,0.0031498675,0.0031498675,0,59.95807
188635,0,0.31459612,6.2027294E-4,3744.225,72.92937,0.003145961,0.003145961,0,60.05805
188651,0,0.31417048,6.119819E-4,3739.16,72.83069,0.0031417047,0.0031417047,0,60.08843
188668,0,0.31443673,6.1716826E-4,3742.3284,72.89242,0.0031443674,0.0031443674,0,59.97732
188684,0,0.31501874,6.285054E-4,3749.2546,73.02733,0.0031501874,0.0031501874,0,60.135593
188702,0,0.31580395,6.438006E-4,3758.599,73.20936,0.0031580394,0.0031580394,0,60.0178
188718,0,0.31757697,6.78338E-4,3779.6995,73.620384,0.0031757697,0.0031757697,0,59.874355
188735,0,0.31946132,7.150436E-4,3802.1245,74.0572,0.0031946131,0.0031946131,0,59.850655
188751,0,0.3222117,7.686194E-4,3834.856,74.694786,0.003222117,0.003222117,0,59.68262
188768,0,0.32513043,8.2547404E-4,3869.5908,75.3714,0.0032513042,0.0032513042,0,60.126884
188785,0,0.32779378,8.773541E-4,3901.2864,75.9888,0.0032779376,0.0032779376,0,60.16403
188801,0,0.3309632,9.390921E-4,3939.0046,76.72353,0.003309632,0.003309632,0,60.123207
188818,0,0.33340272,9.866124E-4,3968.0369,77.289055,0.0033340272,0.0033340272,0,59.897415
188835,0,0.33600587,0.0010373199,3999.016,77.89252,0.0033600586,0.0033600586,0,60.09041
188851,0,0.33794242,0.0010750425,4022.0623,78.34143,0.003379424,0.003379424,0,60.036926
188868,0,0.33891892,0.0010940641,4033.6833,78.56781,0.0033891893,0.0033891893,0,59.90534
188885,0,0.3397455,0.001110165,4043.52,78.759415,0.0033974547,0.0033974547,0,60.12654
188902,0,0.3393351,0.0011021711,4038.6362,78.66428,0.003393351,0.003393351,0,59.90307
188918,0,0.33926296,0.0011007658,4037.7776,78.64756,0.0033926296,0.0033926296,0,60.05549
188935,0,0.33890346,0.0010937628,4033.4993,78.56422,0.0033890344,0.0033890344,0,60.12364
188952,0,0.33812904,0.0010786778,4024.2832,78.3847,0.0033812905,0.0033812905,0,60.05147
188969,0,0.33780503,0.0010723663,4020.4272,78.309586,0.0033780502,0.0033780502,0,59.801414
188986,0,0.33692765,0.0010552756,4009.9858,78.10619,0.0033692764,0.0033692764,0,59.798874
189002,0,0.33675778,0.0010519665,4007.9644,78.06682,0.0033675777,0.0033675777,0,59.71843
189018,0,0.336689,0.0010506267,4007.1458,78.050865,0.00336689,0.00336689,0,60.045788
189034,0,0.3364877,0.0010467059,4004.7502,78.0042,0.003364877,0.003364877,0,60.114906
189052,0,0.33709866,0.0010586067,4012.021,78.145836,0.0033709866,0.0033709866,0,60.149105
189068,0,0.33753678,0.001067141,4017.2349,78.2474,0.0033753677,0.0033753677,0,60.02105
189085,0,0.33895588,0.001094784,4034.1233,78.57637,0.0033895588,0.0033895588,0,60.168373
189102,0,0.34081817,0.0011310601,4056.2856,79.00808,0.0034081815,0.0034081815,0,59.9286
189118,0,0.34275797,0.001168846,4079.3706,79.457756,0.0034275795,0.0034275795,0,60.044884
189135,0,0.34595826,0.0012311855,4117.456,80.19964,0.0034595826,0.0034595826,0,60.111866
189152,0,0.349365,0.0012975463,4157.9985,80.98938,0.00349365,0.00349365,0,59.96031
189168,0,0.35386863,0.001385274,4211.595,82.0334,0.0035386863,0.0035386863,0,59.94715
189186,0,0.3589903,0.0014850406,4272.5464,83.22069,0.003589903,0.003589903,0,59.93936
189202,0,0.36380425,0.0015788127,4329.836,84.33665,0.0036380424,0.0036380424,0,59.778984
189219,0,0.369439,0.0016885739,4396.893,85.642876,0.00369439,0.00369439,0,59.711586
189236,0,0.37477115,0.0017924402,4460.3496,86.87897,0.0037477114,0.0037477114,0,59.8813
189253,0,0.3804763,0.0019035725,4528.2446,88.201515,0.0038047628,0.0038047628,0,59.861477
189268,0,0.3862205,0.0020154656,4596.605,89.53312,0.003862205,0.003862205,0,60.245743
189285,0,0.3909684,0.0021079516,4653.108,90.63376,0.0039096843,0.0039096843,0,60.19042
189302,0,0.3958881,0.0022037835,4711.656,91.77422,0.003958881,0.003958881,0,60.007767
189318,0,0.40002158,0.002284301,4760.847,92.732445,0.004000216,0.004000216,0,60.030544
189336,0,0.4040298,0.0023623777,4808.5474,93.661606,0.0040402976,0.0040402976,0,59.919846
189352,0,0.40778774,0.0024355804,4853.2695,94.53276,0.0040778774,0.0040778774,0,59.993908
189368,0,0.41043174,0.0024870834,4884.735,95.14568,0.004104317,0.004104317,0,59.99419
189385,0,0.41309342,0.002538931,4916.4106,95.76271,0.004130934,0.004130934,0,60.103493
189402,0,0.4150729,0.0025774897,4939.968,96.22158,0.0041507287,0.0041507287,0,59.907494
189419,0,0.4171488,0.002617927,4964.673,96.70283,0.004171488,0.004171488,0,59.900425
189435,0,0.4192895,0.0026596263,4990.1484,97.19907,0.004192895,0.004192895,0,60.129414
189454,0,0.42079556,0.0026889634,5008.072,97.5482,0.0042079557,0.0042079557,0,59.78849
189469,0,0.42270198,0.002726099,5030.7593,97.99014,0.00422702,0.00422702,0,59.92994
189486,0,0.42436197,0.0027584347,5050.5146,98.37496,0.0042436197,0.0042436197,0,59.924007
189503,0,0.42655706,0.0028011932,5076.6377,98.88382,0.0042655705,0.0042655705,0,59.820686
189519,0,0.429108,0.0028508839,5106.995,99.47516,0.00429108,0.00429108,0,59.77482
189535,0,0.43096635,0.0028870832,5129.111,99.90596,0.0043096635,0.0043096635,0,60.079506
189553,0,0.4326219,0.0029193321,5148.813,100.28974,0.0043262187,0.0043262187,0,60.03395
189569,0,0.43334883,0.0029334922,5157.4644,100.45827,0.004333488,0.004333488,0,60.111088
189586,0,0.43395922,0.0029453821,5164.728,100.59976,0.004339592,0.004339592,0,60.0089
189602,0,0.43420804,0.0029502288,5167.6895,100.65744,0.00434208,0.00434208,0,59.999134
189618,0,0.43377712,0.0029418352,5162.561,100.55755,0.0043377713,0.0043377713,0,60.262077
189635,0,0.4333586,0.0029336826,5157.5806,100.460526,0.004333586,0.004333586,0,60.10394
189653,0,0.43240783,0.0029151621,5146.2656,100.24013,0.004324078,0.004324078,0,59.954086
189669,0,0.43176872,0.0029027127,5138.6597,100.091965,0.004317687,0.004317687,0,60.086197
189685,0,0.43115282,0.0028907156,5131.33,99.94919,0.004311528,0.004311528,0,60.072227
189702,0,0.43041304,0.002876305,5122.5264,99.777695,0.00430413,0.00430413,0,60.00187
189719,0,0.4300442,0.0028691203,5118.1367,99.69219,0.004300442,0.004300442,0,60.01048
189736,0,0.42957723,0.002860024,5112.5796,99.58395,0.0042957724,0.0042957724,0,59.707935
189753,0,0.42980856,0.0028645303,5115.3325,99.63757,0.0042980853,0.0042980853,0,59.734913
189769,0,0.43038952,0.002875847,5122.2466,99.77225,0.004303895,0.004303895,0,59.921722
189786,0,0.43113965,0.0028904588,5131.1733,99.94614,0.0043113963,0.0043113963,0,60.041515
189802,0,0.43237507,0.0029145242,5145.876,100.23254,0.0043237507,0.0043237507,0,59.99855
189819,0,0.43359685,0.0029383234,5160.416,100.51576,0.0043359683,0.0043359683,0,60.089157
189836,0,0.43515256,0.0029686275,5178.9297,100.876396,0.0043515256,0.0043515256,0,60.049488
189853,0,0.4366722,0.0029982293,5197.0146,101.22868,0.004366722,0.004366722,0,59.74476
189869,0,0.437981,0.0030237236,5212.5903,101.53208,0.00437981,0.00437981,0,60.071583
189886,0,0.43922558,0.0030479673,5227.402,101.820595,0.0043922556,0.0043922556,0,60.110943
189902,0,0.44010535,0.0030651044,5237.8716,102.02454,0.0044010533,0.0044010533,0,59.957664
189919,0,0.44071722,0.0030770234,5245.1533,102.16639,0.004407172,0.004407172,0,60.048157
189935,0,0.44092205,0.0030810132,5247.591,102.21387,0.0044092205,0.0044092205,0,60.21455
189953,0,0.4404515,0.0030718474,5241.9907,102.10478,0.004404515,0.004404515,0,59.900562
189970,0,0.43892264,0.003042066,5223.7964,101.750374,0.0043892264,0.0043892264,0,59.946278
189986,0,0.43666193,0.0029980289,5196.8926,101.2263,0.004366619,0.004366619,0,59.782127
190003,0,0.43355852,0.0029375767,5159.96,100.50688,0.004335585,0.004335585,0,59.773163
190019,0,0.43027776,0.00287367,5120.9165,99.746346,0.0043027773,0.0043027773,0,59.984505
190037,0,0.42708138,0.0028114065,5082.8774,99.00536,0.004270814,0.004270814,0,60.003452
190052,0,0.4237708,0.0027469187,5043.479,98.237915,0.0042377077,0.0042377077,0,60.1948
190069,0,0.4215429,0.0027035214,5016.966,97.72145,0.004215429,0.004215429,0,60.021244
190086,0,0.41980195,0.0026696087,4996.247,97.31787,0.0041980194,0.0041980194,0,60.193928
190102,0,0.41970155,0.002667653,4995.0522,97.29459,0.0041970154,0.0041970154,0,60.18183
190120,0,0.42101064,0.002693153,5010.6313,97.59807,0.0042101066,0.0042101066,0,60.081017
190136,0,0.42344353,0.0027405438,5039.5845,98.16205,0.004234435,0.004234435,0,60.066753
190152,0,0.4281379,0.0028319869,5095.4507,99.25029,0.004281379,0.004281379,0,60.061928
190170,0,0.4337319,0.0029409542,5162.0234,100.54707,0.004337319,0.004337319,0,59.954254
190185,0,0.44120044,0.0030864358,5250.904,102.278404,0.0044120043,0.0044120043,0,60.1764
190203,0,0.44957465,0.0032495598,5350.5625,104.21968,0.0044957465,0.0044957465,0,59.842342
190219,0,0.45843306,0.0034221152,5455.984,106.27322,0.0045843306,0.0045843306,0,59.996708
190236,0,0.468402,0.0036163034,5574.621,108.58419,0.00468402,0.00468402,0,59.852394
190253,0,0.47755337,0.0037945653,5683.529,110.70563,0.0047755335,0.0047755335,0,59.768436
190269,0,0.48657337,0.0039702686,5790.873,112.79662,0.0048657334,0.0048657334,0,60.003185
190286,0,0.494539,0.0041254335,5885.6694,114.64319,0.00494539,0.00494539,0,60.183437
190303,0,0.5007619,0.004246652,5959.7266,116.08577,0.005007619,0.005007619,0,59.936615
190319,0,0.5059288,0.004347299,6021.2163,117.28355,0.005059288,0.005059288,0,60.14916
190335,0,0.5083566,0.0043945904,6050.108,117.84634,0.0050835656,0.0050835656,0,60.1928
190353,0,0.50883687,0.004403946,6055.824,117.95769,0.0050883684,0.0050883684,0,59.92312
190370,0,0.5078299,0.004384331,6043.8403,117.72425,0.005078299,0.005078299,0,59.883152
190386,0,0.50460553,0.0043215225,6005.4683,116.97678,0.005046055,0.005046055,0,60.09291
190403,0,0.50051,0.004241744,5956.728,116.02736,0.0050051,0.0050051,0,59.968643
190419,0,0.49448386,0.0041243597,5885.013,114.6304,0.0049448386,0.0049448386,0,60.076138
190436,0,0.48735544,0.0039855028,5800.18,112.97791,0.004873554,0.004873554,0,60.11546
190453,0,0.48017576,0.003845648,5714.7373,111.31355,0.0048017576,0.0048017576,0,59.85276
190470,0,0.47148538,0.0036763654,5611.3154,109.298965,0.0047148536,0.0047148536,0,59.98368
190487,0,0.46292537,0.0035096223,5509.4453,107.314606,0.0046292534,0.0046292534,0,59.786415
190503,0,0.45375496,0.0033309893,5400.3115,105.18876,0.0045375493,0.0045375493,0,59.789833
190520,0,0.44457942,0.0031522564,5291.116,103.06171,0.004445794,0.004445794,0,59.815422
190536,0,0.43679696,0.0030006594,5198.4995,101.25761,0.0043679695,0.0043679695,0,60.21043
190553,0,0.42864695,0.002841903,5101.509,99.36829,0.0042864694,0.0042864694,0,60.129982
190570,0,0.42160386,0.0027047086,5017.691,97.73558,0.0042160386,0.0042160386,0,60.093372
190586,0,0.41428834,0.0025622074,4930.6313,96.03972,0.0041428832,0.0041428832,0,60.19614
190603,0,0.40696684,0.0024195896,4843.5005,94.34247,0.0040696682,0.0040696682,0,59.880676
190619,0,0.4009896,0.002303157,4772.367,92.95684,0.004009896,0.004009896,0,60.11573
190636,0,0.39442053,0.0021751963,4694.1904,91.43401,0.003944205,0.003944205,0,60.047688
190653,0,0.38879454,0.002065606,4627.2373,90.12982,0.0038879453,0.0038879453,0,60.007465
190670,0,0.3828907,0.0019506034,4556.9775,88.76121,0.003828907,0.003828907,0,60.07819
190686,0,0.37716806,0.0018391303,4488.8745,87.43461,0.0037716804,0.0037716804,0,59.93766
190704,0,0.37284172,0.0017548562,4437.3877,86.43168,0.003728417,0.003728417,0,59.77232
190720,0,0.36792666,0.0016591144,4378.895,85.29228,0.0036792664,0.0036792664,0,59.795986
190737,0,0.36416733,0.0015858854,4334.1567,84.420815,0.0036416731,0.0036416731,0,59.818237
190753,0,0.35990626,0.0015028826,4283.447,83.43302,0.0035990626,0.0035990626,0,59.962513
190770,0,0.35594332,0.0014256873,4236.285,82.51434,0.0035594332,0.0035594332,0,59.875443
190786,0,0.35336813,0.0013755246,4205.6387,81.91737,0.0035336812,0.0035336812,0,60.019817
190803,0,0.350388,0.0013174735,4170.173,81.226524,0.0035038798,0.0035038798,0,60.050995
190820,0,0.34885377,0.0012875878,4151.9146,80.870865,0.0034885376,0.0034885376,0,60.013126
190837,0,0.34683138,0.0012481932,4127.8467,80.40204,0.0034683137,0.0034683137,0,59.996983
190854,0,0.34530497,0.0012184597,4109.6816,80.0482,0.0034530496,0.0034530496,0,59.897778
190870,0,0.34485084,0.0012096136,4104.277,79.94292,0.0034485082,0.0034485082,0,60.27857
190886,0,0.3437118,0.0011874258,4090.722,79.67887,0.003437118,0.003437118,0,60.163853
190903,0,0.34357962,0.0011848512,4089.149,79.64823,0.0034357961,0.0034357961,0,60.045593
190920,0,0.34253842,0.0011645693,4076.7578,79.40686,0.0034253842,0.0034253842,0,60.018097
190936,0,0.34164542,0.0011471743,4066.1306,79.19986,0.0034164542,0.0034164542,0,60.006733
190954,0,0.3412708,0.0011398771,4061.6724,79.11301,0.003412708,0.003412708,0,59.703213
190970,0,0.33983418,0.0011118928,4044.5757,78.779976,0.0033983418,0.0033983418,0,59.949005
190987,0,0.33912212,0.0010980222,4036.1016,78.61491,0.0033912212,0.0033912212,0,59.709446
191004,0,0.33795613,0.0010753096,4022.2256,78.34461,0.0033795612,0.0033795612,0,59.833443
191021,0,0.33759826,0.0010683386,4017.9666,78.26165,0.0033759826,0.0033759826,0,59.857666
191038,0,0.3381806,0.0010796821,4024.897,78.39665,0.003381806,0.003381806,0,59.79814
191054,0,0.33833307,0.0010826521,4026.7114,78.43199,0.0033833305,0.0033833305,0,59.778976
191070,0,0.3395866,0.0011070697,4041.6292,78.72258,0.0033958657,0.0033958657,0,60.073727
191087,0,0.3402568,0.0011201252,4049.6052,78.87795,0.003402568,0.003402568,0,60.04072
191103,0,0.34143764,0.001143127,4063.658,79.15169,0.0034143764,0.0034143764,0,60.074623
191120,0,0.34299845,0.0011735302,4082.2324,79.513504,0.0034299844,0.0034299844,0,60.100456
191137,0,0.34379536,0.0011890538,4091.7163,79.69824,0.0034379535,0.0034379535,0,60.088726
191153,0,0.34518552,0.0012161329,4108.26,80.0205,0.0034518552,0.0034518552,0,60.077354
191170,0,0.34567454,0.0012256588,4114.0796,80.13387,0.0034567453,0.0034567453,0,60.124573
191186,0,0.34635693,0.0012389512,4122.2007,80.29206,0.003463569,0.003463569,0,60.187763
191203,0,0.34754804,0.0012621531,4136.3755,80.56817,0.0034754802,0.0034754802,0,59.97111
191220,0,0.34882185,0.0012869661,4151.5347,80.86347,0.0034882184,0.0034882184,0,59.978436
191238,0,0.35152826,0.001339685,4183.743,81.49086,0.0035152824,0.0035152824,0,59.830387
191255,0,0.35419828,0.0013916951,4215.518,82.10982,0.0035419827,0.0035419827,0,59.497105
191270,0,0.3580283,0.0014663012,4261.0977,82.99768,0.003580283,0.003580283,0,59.91873
191286,0,0.3623479,0.0015504442,4312.5044,83.99905,0.0036234788,0.0036234788,0,60.185272
191304,0,0.3665592,0.0016324774,4362.6216,84.97529,0.003665592,0.003665592,0,59.91335
191320,0,0.3718379,0.001735303,4425.442,86.19898,0.003718379,0.003718379,0,60.20135
191337,0,0.37660798,0.0018282206,4482.209,87.30477,0.0037660797,0.0037660797,0,60.078686
191354,0,0.38212395,0.0019356676,4547.8525,88.58346,0.0038212393,0.0038212393,0,60.020355
191370,0,0.38745797,0.0020395704,4611.331,89.81998,0.0038745797,0.0038745797,0,60.137203
191387,0,0.39232108,0.0021343005,4669.2056,90.94733,0.003923211,0.003923211,0,60.088566
191404,0,0.39752313,0.0022356329,4731.114,92.15326,0.003975231,0.003975231,0,59.823196
191420,0,0.40053678,0.0022943364,4766.978,92.85187,0.004005368,0.004005368,0,60.296856
191437,0,0.4023964,0.0023305607,4789.109,93.28297,0.004023964,0.004023964,0,60.196995
191453,0,0.40260553,0.0023346345,4791.5977,93.33144,0.0040260553,0.0040260553,0,60.12203
191470,0,0.40106,0.0023045284,4773.2046,92.97316,0.0040105996,0.0040105996,0,59.92341
191488,0,0.39893126,0.0022630622,4747.8716,92.47969,0.0039893123,0.0039893123,0,59.806557
191505,0,0.395636,0.0021988726,4708.6553,91.71578,0.00395636,0.00395636,0,59.678413
191521,0,0.3923473,0.0021348114,4669.5176,90.95341,0.003923473,0.003923473,0,59.827053
191538,0,0.38909784,0.002071514,4630.8467,90.20012,0.0038909784,0.0038909784,0,59.97442
191555,0,0.3858915,0.0020090567,4592.6895,89.45685,0.0038589148,0.0038589148,0,59.797077
191571,0,0.38354138,0.001963278,4564.721,88.91205,0.0038354136,0.0038354136,0,60.251392
191587,0,0.3819354,0.0019319946,4545.609,88.53976,0.0038193539,0.0038193539,0,60.08991
191604,0,0.38142738,0.0019220988,4539.563,88.42198,0.0038142737,0.0038142737,0,60.09818
191620,0,0.3816003,0.0019254672,4541.621,88.462074,0.0038160027,0.0038160027,0,60.192436
191637,0,0.3822126,0.0019373946,4548.9077,88.60401,0.003822126,0.003822126,0,60.128883
191654,0,0.38300312,0.0019527932,4558.3154,88.78727,0.003830031,0.003830031,0,59.932003
191670,0,0.3842042,0.0019761897,4572.6094,89.065704,0.003842042,0.003842042,0,60.241302
191687,0,0.3853785,0.001999064,4586.5845,89.33793,0.003853785,0.003853785,0,60.0842
191704,0,0.38637874,0.0020185478,4598.488,89.56979,0.0038637873,0.0038637873,0,59.937748
191721,0,0.38747916,0.0020399834,4611.5835,89.82489,0.0038747916,0.0038747916,0,59.882706
191738,0,0.38774556,0.0020451725,4614.754,89.88665,0.0038774556,0.0038774556,0,59.85455
191754,0,0.3879851,0.002049839,4617.6045,89.94218,0.003879851,0.003879851,0,59.985577
191771,0,0.38734725,0.002037414,4610.0137,89.79431,0.0038734723,0.0038734723,0,59.885544
191787,0,0.38589966,0.002009216,4592.7866,89.45875,0.0038589966,0.0038589966,0,60.147133
191804,0,0.38411903,0.0019745305,4571.5957,89.04596,0.0038411904,0.0038411904,0,60.233402
191820,0,0.380907,0.0019119623,4533.37,88.301346,0.00380907,0.00380907,0,60.146664
191837,0,0.37763077,0.0018481435,4494.381,87.54187,0.0037763077,0.0037763077,0,60.195686
191854,0,0.37343916,0.0017664941,4444.498,86.57018,0.0037343916,0.0037343916,0,59.87266
191870,0,0.36866885,0.0016735718,4387.728,85.46435,0.0036866884,0.0036866884,0,60.265633
191887,0,0.36404392,0.0015834814,4332.688,84.392204,0.0036404391,0.0036404391,0,60.193554
191904,0,0.3586267,0.0014779576,4268.219,83.1364,0.003586267,0.003586267,0,60.031628
191920,0,0.35425195,0.0013927406,4216.1567,82.12226,0.0035425194,0.0035425194,0,60.019997
191937,0,0.35024226,0.0013146347,4168.4385,81.19273,0.0035024225,0.0035024225,0,60.04196
191954,0,0.3466019,0.0012437232,4125.1157,80.34884,0.003466019,0.003466019,0,60.03744
191971,0,0.34470975,0.0012068654,4102.598,79.91022,0.0034470975,0.0034470975,0,59.773697
191988,0,0.3431907,0.0011772753,4084.5205,79.55808,0.003431907,0.003431907,0,59.711185
192004,0,0.34384516,0.0011900237,4092.309,79.70979,0.0034384516,0.0034384516,0,59.93524
192021,0,0.34599206,0.0012318438,4117.8584,80.20747,0.0034599204,0.0034599204,0,59.809788
192039,0,0.34877688,0.0012860901,4150.9995,80.85304,0.0034877686,0.0034877686,0,59.69506
192055,0,0.3534689,0.0013774873,4206.838,81.940735,0.0035346888,0.0035346888,0,59.841328
192071,0,0.3586914,0.0014792179,4268.9893,83.1514,0.003586914,0.003586914,0,60.06282
192088,0,0.36564,0.0016145721,4351.6826,84.76221,0.0036564001,0.0036564001,0,60.17655
192104,0,0.37387356,0.0017749559,4449.6675,86.670876,0.0037387356,0.0037387356,0,60.018658
192121,0,0.38186178,0.0019305607,4544.733,88.52269,0.0038186177,0.0038186177,0,60.2386
192137,0,0.39141458,0.0021166424,4658.418,90.73719,0.0039141458,0.0039141458,0,60.24392
192154,0,0.40114635,0.0023062106,4774.2324,92.99318,0.0040114634,0.0040114634,0,60.105072
192171,0,0.41182685,0.0025142592,4901.338,95.4691,0.0041182684,0.0041182684,0,59.980633
192187,0,0.42332456,0.0027382264,5038.1685,98.13447,0.0042332453,0.0042332453,0,60.183254
192204,0,0.43358102,0.0029380152,5160.2275,100.51209,0.00433581,0.00433581,0,60.17577
192221,0,0.4448087,0.003156722,5293.8447,103.11486,0.004448087,0.004448087,0,60.00657
