elapsedTime,eventRecognized,frq_rt, col_rt, frq_m, col_m, amp_rt, amp_m, total, framerate;
3589,0,4456.26,231.81506,49.220127,2.5264282,0.0056632976,0.4749137,223,7.9508324
3703,0,4456.26,231.81506,59.829636,3.0784175,-8.9652685E-4,0.4744352,223,7.9976583
3824,0,4456.26,231.81506,70.43896,3.6303976,3.2421286E-4,0.4727891,222,8.0814495
3949,0,4456.26,231.81506,81.04881,4.182405,7.205391E-5,0.47210875,222,8.089907
4067,0,4423.7573,230.12402,91.619705,4.7323856,3.339128E-4,0.4703347,221,8.085613
4172,0,4423.7573,230.12402,102.150475,5.280278,7.403257E-5,0.4680678,220,8.122034
4279,0,4423.7573,230.12402,112.68131,5.8281746,1.573134E-4,0.4679915,220,8.269534
4400,0,4423.7573,230.12402,123.213104,6.376121,1.5570682E-4,0.4679822,220,8.363165
4518,0,4423.7573,230.12402,133.74387,6.924013,1.2808605E-4,0.46599793,219,8.361825
4626,0,4423.7573,230.12402,144.27574,7.471964,1.3991387E-4,0.4655687,219,8.37603
4734,0,4423.7573,230.12402,154.80704,8.019884,1.4758253E-4,0.4647565,219,8.461455
4850,0,4423.7573,230.12402,165.33807,8.567791,7.818594E-5,0.46275234,218,8.544922
4959,0,4423.7573,230.12402,175.86905,9.115695,1.03395054E-4,0.4623881,218,8.538698
5073,0,4423.7573,230.12402,186.40005,9.6636,1.1667813E-4,0.46132407,217,8.609901
5174,0,4423.7573,230.12402,196.93124,10.211514,1.09640416E-4,0.4596914,216,8.63396
5277,0,4423.7573,230.12402,207.4617,10.759391,1.0376176E-4,0.45789915,216,8.758476
5394,0,4423.7573,230.12402,217.99303,11.307313,1.5557304E-4,0.4561409,215,8.844316
5504,0,4423.7573,230.12402,228.52357,11.855194,1.4858729E-4,0.45529306,214,8.815969
5610,0,4423.7573,230.12402,239.0558,12.403163,9.2305185E-5,0.45486405,214,8.816359
5714,0,4423.7573,230.12402,249.58833,12.951147,1.4063239E-4,0.45460656,214,8.902276
5818,0,4423.7573,230.12402,260.1196,13.499066,1.4440472E-4,0.45287442,213,8.983531
5917,0,4423.7573,230.12402,270.65082,14.046983,1.8941968E-4,0.4507145,212,9.046093
6020,0,4423.7573,230.12402,281.18353,14.594977,1.5305022E-4,0.4500085,212,9.144041
6123,0,4390.9478,228.417,291.6761,15.140882,2.3503098E-4,0.44980326,212,9.195416
6224,0,4390.9478,228.417,302.13022,15.684787,9.422399E-5,0.4497079,212,9.270592
6332,0,4390.9478,228.417,312.5835,16.228647,1.405084E-4,0.44876203,211,9.323292
6433,0,4390.9478,228.417,323.0374,16.772543,1.2493972E-4,0.4468879,211,9.322016
6534,0,3780.5356,196.65862,332.8169,17.281347,0.010665853,0.4469003,211,9.377941
6629,0,3215.7024,167.27159,341.12378,17.713535,0.01106412,0.4455699,210,9.439285
6726,0,2269.6287,118.04944,347.7142,18.056421,0.030153977,0.44343704,209,9.525797
6822,0,1750.2357,91.02656,353.08215,18.335705,7.790248E-4,0.4421577,208,9.615158
6925,0,2343.1643,121.87533,358.25964,18.605078,0.02907309,0.4418679,208,9.633988
7028,0,2275.5977,118.359985,363.92966,18.900076,0.002805356,0.44177732,208,9.678574
7123,0,2243.1975,116.67428,369.30768,19.179884,-3.3451943E-6,0.43988487,207,9.693956
7219,0,2181.1594,113.44657,374.56857,19.453596,0.007753111,0.43934828,207,9.750224
7314,0,2129.5857,110.763306,379.70273,19.720716,-5.692644E-4,0.43792835,207,9.851833
7412,0,2028.2262,105.489784,384.55945,19.9734,0.0037204137,0.43587595,206,9.923825
7510,0,1924.219,100.07852,389.3083,20.22047,0.0031682407,0.43352804,205,9.941845
7604,0,1912.7333,99.48094,393.88214,20.458439,6.361534E-4,0.43227708,204,9.95247
7695,0,1815.4785,94.421,398.34888,20.690834,0.0048978617,0.4307616,203,10.049253
7798,0,1721.1453,89.51305,402.5657,20.910225,-4.029204E-5,0.42915675,203,10.134565
7899,0,1721.1453,89.51305,406.6634,21.12342,2.9476648E-4,0.42678222,202,10.10084
7993,0,1721.1453,89.51305,410.76117,21.336617,1.05695595E-4,0.42490515,201,10.070454
8083,0,1721.1453,89.51305,414.8579,21.549763,1.2760665E-4,0.4239429,200,10.135923
8172,0,1721.1453,89.51305,418.95584,21.76297,1.2963446E-4,0.42348674,200,10.233821
8264,0,1721.1453,89.51305,423.05368,21.97617,1.19884775E-4,0.4224466,200,10.315903
8362,0,1721.1453,89.51305,427.1499,22.189287,1.234024E-4,0.4223217,200,10.38221
8452,0,1721.1453,89.51305,431.2464,22.40242,1.2300051E-4,0.42124373,199,10.348238
8542,0,1721.1453,89.51305,435.34402,22.61561,1.0730165E-4,0.42101377,199,10.461294
8628,0,1721.1453,89.51305,439.44104,22.828768,1.1340676E-4,0.42036572,199,10.523743
8715,0,1721.1453,89.51305,443.5387,23.041962,1.3068327E-4,0.4199055,198,10.629509
8809,0,1721.1453,89.51305,447.63626,23.255148,1.0797091E-4,0.4198418,198,10.714364
8899,0,1825.3191,94.932976,451.87527,23.475695,0.004937335,0.41758043,197,10.680948
8985,0,1821.219,94.71966,456.21606,23.701536,-4.4468464E-4,0.41645536,197,10.734583
9071,0,1821.219,94.71966,460.55017,23.92703,2.2884071E-4,0.41618955,197,10.839521
9168,0,1821.219,94.71966,464.8852,24.152573,1.2785022E-4,0.41503435,196,10.920906
9252,0,1821.219,94.71966,469.22025,24.378117,1.4904673E-4,0.41435805,196,10.863252
9343,0,1821.219,94.71966,473.55557,24.603674,9.566225E-5,0.413864,196,10.971562
9430,0,1821.219,94.71966,477.89154,24.829264,1.544863E-4,0.41328365,195,10.957961
9516,0,1821.219,94.71966,482.2267,25.054815,8.7429464E-5,0.41243905,195,11.012814
9599,0,1821.219,94.71966,486.5617,25.280354,1.243624E-4,0.41133893,195,11.080484
9684,0,1821.219,94.71966,490.89764,25.505943,1.3021653E-4,0.4094742,194,11.144383
9770,0,1649.8024,85.80122,494.94748,25.716648,0.0030211045,0.4089322,194,11.25045
9860,0,1649.2905,85.7746,498.87314,25.92089,-1.3905083E-4,0.40758106,193,11.281232
9947,0,1649.2905,85.7746,502.79886,26.125137,2.1277132E-4,0.40711224,193,11.260805
10114,0,1619.8595,84.24336,506.71097,26.328674,0.0023335172,0.40597764,192,11.248098
10280,0,1631.25,84.83599,510.69153,26.535776,0.0068480284,0.40440574,191,10.723448
10372,0,1611.8715,83.82777,514.551,26.736578,-9.1208285E-4,0.40399274,191,10.253206
10456,0,1592.6976,82.83019,518.3644,26.934978,5.2064814E-4,0.40358955,191,10.3335705
10541,0,1462.4286,76.052574,521.89124,27.118473,0.002856572,0.40182102,190,10.499947
10624,0,2010.4023,104.562454,525.889,27.326466,0.010356505,0.4013317,190,10.630456
10708,0,2147.7644,111.70911,530.72925,27.578295,0.005135288,0.40117693,190,10.776223
10791,0,2362.757,122.8947,536.1765,27.861704,4.705825E-4,0.40088767,190,10.865482
10874,0,2691.726,140.01024,542.2752,28.179005,0.023529556,0.4000464,190,10.987389
10955,0,2643.1953,137.48529,548.4321,28.499336,-1.5846174E-4,0.39887404,189,11.114154
11037,0,2358.493,122.672844,554.3877,28.80919,0.0064457147,0.3986372,189,11.241153
11118,0,2254.8713,117.28164,560.10913,29.106865,0.014415434,0.3970771,188,11.344216
11216,0,2117.3928,110.12894,565.0067,29.361675,0.0065437397,0.396799,188,11.425337
11300,0,2015.7119,104.8387,569.5805,29.59964,0.018852394,0.39666322,188,11.279107
11385,0,2133.231,110.95296,574.54034,29.85769,-0.0025245976,0.39571315,188,11.376371
11464,0,1788.4524,93.014885,579.0953,30.094673,0.0154500995,0.39472297,187,11.43626
11549,0,1713.6333,89.12221,583.1202,30.304081,0.0044816798,0.39442292,187,11.513861
11629,0,1605.6381,83.503456,586.99146,30.505495,0.009291175,0.3922129,186,11.553276
11707,0,1495.9357,77.795876,590.68365,30.697592,0.008140728,0.39106947,185,11.667609
11786,0,1245.3286,64.75734,593.99994,30.87013,0.012993278,0.39028153,185,11.786322
11865,0,1380.9191,71.81181,596.9349,31.02283,0.0098264385,0.3894237,185,11.854582
11945,0,3443.4214,179.11931,602.82886,31.329481,0.042102765,0.38934836,185,11.902107
12022,0,4172.681,217.06107,612.75793,31.846067,0.0010842727,0.38735703,184,12.00931
12102,0,3850.8071,200.31468,622.24255,32.33953,0.070626676,0.3861177,183,12.107817
12176,0,3222.2095,167.61014,631.01697,32.796043,2.0277128E-4,0.3852101,183,12.141163
12253,0,3127.6428,162.69003,638.5613,33.18856,0.0069229333,0.3851411,183,12.288703
12334,0,2507.6096,130.43106,644.9758,33.522297,0.024757523,0.38473833,183,12.360374
12415,0,2262.931,117.700966,650.30194,33.7994,0.0402353,0.3833043,182,12.331095
12491,0,3044.9739,158.38895,656.565,34.125256,0.072924286,0.38278547,182,12.329404
12567,0,4018.976,209.06416,665.45764,34.587917,0.0018680356,0.3824458,182,12.443514
12641,0,4424.7236,230.1743,675.82214,35.127163,0.03065579,0.3811864,181,12.512032
12715,0,4605.55,231.81516,686.66364,34.534126,0.024689943,0.37946132,180,12.606318
12790,0,4805.5,231.81528,697.9125,33.639744,0.008608866,0.37734786,179,12.688945
12865,0,4779.1523,230.5441,709.3255,34.19038,9.317021E-5,0.3766897,179,12.743052
12939,0,4054.562,195.58537,719.67755,34.689827,0.02329347,0.37662902,179,12.7886095
13013,0,3977.1453,191.85031,729.3448,35.156235,0.028732408,0.37499118,178,12.883184
13103,0,3785.8047,182.61884,738.5023,35.598053,0.0053983163,0.3735181,178,12.940371
13176,0,3925.3572,189.35173,747.6148,36.037693,0.057655573,0.37212703,177,12.768999
13245,0,3515.2285,169.56456,756.01904,36.443165,5.4452475E-4,0.37161565,177,12.887747
13318,0,3329.3977,160.59894,763.5353,36.805794,0.006616314,0.37116155,177,13.044159
13395,0,3020.181,145.6804,770.3288,37.133556,0.0144670885,0.3703312,176,12.996725
13470,0,3409.9834,164.4869,777.8636,37.49708,0.0378609,0.36919266,176,13.093708
13542,0,3508.1047,169.22089,785.63477,37.872013,-7.6791644E-4,0.36881375,175,13.120366
13612,0,3546.562,171.0763,794.033,38.277195,9.808496E-4,0.36785457,175,13.199696
13681,0,3542.0525,170.85873,802.65027,38.692947,0.042488214,0.3660601,174,13.304743
13750,0,3588.6477,173.10677,810.8837,39.09018,0.024947986,0.3639004,173,13.421106
13819,0,3576.7595,172.5332,819.4168,39.501865,-0.0034150751,0.36239988,173,13.523971
13898,0,3576.7595,172.5332,827.93066,39.91263,9.284699E-4,0.36127192,172,13.386097
13970,0,3576.7595,172.5332,836.44495,40.32341,1.0610718E-4,0.35983855,171,13.482115
14043,0,3576.7595,172.5332,844.959,40.734184,2.3268937E-4,0.35774228,170,13.442554
14114,0,3576.7595,172.5332,853.47327,41.144962,1.9429115E-4,0.35577777,170,13.566382
14184,0,3576.7595,172.5332,861.98926,41.55583,1.8508354E-4,0.35410738,169,13.583514
14251,0,3576.7595,172.5332,870.5041,41.966637,2.002986E-4,0.3529724,168,13.692652
14327,0,3576.7595,172.5332,879.0191,42.377453,1.439419E-4,0.35060793,167,13.701166
14398,0,3576.7595,172.5332,887.534,42.788265,1.2611384E-4,0.34891593,167,13.657902
14464,0,3576.7595,172.5332,896.0498,43.19912,1.6639533E-4,0.34714904,166,13.931219
14529,0,3576.7595,172.5332,904.5654,43.609966,1.715206E-4,0.34638104,165,14.035726
14592,0,3576.7595,172.5332,913.0804,44.020782,1.341046E-4,0.34603968,165,14.18713
14654,0,3576.7595,172.5332,921.5944,44.431553,1.5379512E-4,0.34569156,165,14.360494
14714,0,3576.7595,172.5332,930.1098,44.842384,1.495284E-4,0.3443818,164,14.531437
14778,0,3586.3977,172.99821,938.6377,45.253822,5.0287956E-4,0.34226742,164,14.730231
14843,0,3574.6096,172.42949,947.17395,45.665665,0.0010082683,0.3418782,163,14.770064
14904,0,3569.995,172.20685,955.6825,46.07617,5.577151E-4,0.33988285,162,14.858198
14965,0,3566.1975,172.02362,964.17975,46.486134,5.9764646E-4,0.33772275,161,15.023832
15023,0,3566.1975,172.02362,972.66956,46.89573,1.7395132E-4,0.3366712,161,15.179894
15081,0,3566.1975,172.02362,981.1596,47.305344,1.5285009E-4,0.33616254,161,15.392818
15142,0,3566.1975,172.02362,989.6501,47.714977,1.9793786E-4,0.33388653,160,15.563596
15210,0,3458.1238,166.80948,998.0312,48.119335,0.0022774094,0.33298755,159,15.64988
15282,0,3458.1238,166.80948,1006.2639,48.516533,-5.956553E-5,0.332388,159,15.506903
15345,0,3458.1238,166.80948,1014.4973,48.913765,2.6569853E-4,0.33187804,159,15.33631
15405,0,3458.1238,166.80948,1022.72955,49.31094,1.085229E-4,0.3302882,158,15.453423
15463,0,3458.1238,166.80948,1030.9629,49.708168,1.6563997E-4,0.3289356,158,15.5841255
15524,0,3458.1238,166.80948,1039.1962,50.105392,4.2022218E-4,0.32798707,157,15.745801
15581,0,3429.3071,165.41919,1047.3945,50.50093,3.0834452E-4,0.32612872,156,15.840337
15637,0,3429.3071,165.41919,1055.5575,50.894764,1.1664018E-4,0.32403952,155,15.998764
15694,0,3429.3071,165.41919,1063.7203,51.288593,1.40989E-4,0.32201222,154,16.173742
15751,0,3429.3071,165.41919,1071.8838,51.682446,1.5724759E-4,0.3207879,154,16.23492
15806,0,3429.3071,165.41919,1080.0485,52.076363,1.3030932E-4,0.31978685,153,16.401154
15860,0,3429.3071,165.41919,1088.2122,52.47023,1.6117778E-4,0.31850478,153,16.620922
15915,0,3429.3071,165.41919,1096.3765,52.864124,1.6470988E-4,0.31797358,153,16.788342
15971,0,3429.3071,165.41919,1104.5406,53.258015,1.504779E-4,0.3165818,152,16.952705
16024,0,3394.1382,163.72243,1112.663,53.649887,3.5073253E-4,0.3165597,152,17.040857
16076,0,3394.1382,163.72243,1120.7428,54.039707,6.922132E-5,0.3143755,151,17.24023
16130,0,3394.1382,163.72243,1128.8234,54.429565,2.7116248E-4,0.31305084,150,17.418573
16187,0,3394.1382,163.72243,1136.9044,54.819447,1.20162294E-4,0.3128931,150,17.404524
16240,0,3394.1382,163.72243,1144.9845,55.20928,1.479104E-4,0.3107557,149,17.541077
16291,0,3394.1382,163.72243,1153.0641,55.599087,1.398973E-4,0.30965385,149,17.682297
16346,0,3394.1382,163.72243,1161.1438,55.988907,1.5996804E-4,0.308074,148,17.87919
16399,0,3394.1382,163.72243,1169.2242,56.378754,1.5235407E-4,0.30790824,148,17.901697
16451,0,3394.1382,163.72243,1177.3048,56.768612,1.461226E-4,0.30606773,147,17.975008
16506,0,3394.1382,163.72243,1185.3854,57.158466,1.3417269E-4,0.30407485,146,18.100525
16559,0,3394.1382,163.72243,1193.4658,57.548317,1.2088862E-4,0.30233952,146,18.131351
16610,0,3394.1382,163.72243,1201.5466,57.938187,6.229221E-5,0.30118793,145,18.101856
16659,0,3394.1382,163.72243,1209.6267,58.328022,1.06249725E-4,0.3009698,145,18.367134
16710,0,3394.1382,163.72243,1217.7078,58.7179,1.2646278E-4,0.30056715,145,18.546434
16758,0,3394.1382,163.72243,1225.7872,59.107704,1.042516E-4,0.29979303,144,18.676231
16806,0,3394.1382,163.72243,1233.8671,59.497528,1.2148542E-4,0.29777348,143,18.914686
16855,0,3394.1382,163.72243,1241.9478,59.88739,9.84581E-5,0.297456,143,19.054398
16904,0,3394.1382,163.72243,1250.028,60.277225,1.11378584E-4,0.2957768,143,19.262383
16954,0,3394.1382,163.72243,1258.1069,60.667007,1.05791936E-4,0.29363975,142,19.356417
17004,0,3394.1382,163.72243,1266.1873,61.056854,1.11773144E-4,0.29338804,142,19.441109
17054,0,3340.9,161.15388,1274.1821,61.442574,3.3624773E-4,0.2933526,142,19.395588
17101,0,3340.9,161.15388,1282.1351,61.82628,5.917705E-5,0.2929937,141,19.546629
17143,0,3340.9,161.15388,1290.0875,62.20995,1.2550253E-4,0.29125062,141,19.649818
17192,0,3340.9,161.15388,1298.0408,62.593666,1.1623118E-4,0.28960547,140,20.127434
17238,0,3340.9,161.15388,1305.9945,62.9774,1.1677756E-4,0.28850362,139,20.146542
17283,0,3340.9,161.15388,1313.9465,63.361057,2.0707105E-4,0.28617468,138,20.353302
17333,0,3340.9,161.15388,1321.8993,63.744743,1.1849757E-4,0.28526616,138,20.501043
17388,0,3340.9,161.15388,1329.8524,64.12845,1.3241605E-4,0.2840483,137,20.46637
17436,0,3340.9,161.15388,1337.805,64.51214,1.3369287E-4,0.28358993,137,20.132423
17482,0,3340.9,161.15388,1345.7589,64.89588,1.1055619E-4,0.28234863,137,20.308334
17530,0,3340.9,161.15388,1353.7114,65.279564,1.034532E-4,0.28013504,136,20.473824
17576,0,3340.9,161.15388,1361.6644,65.66327,1.2808261E-4,0.27919668,135,20.52481
17619,0,3340.9,161.15388,1369.6176,66.04697,1.3882852E-4,0.27906978,135,20.674095
17666,0,3340.9,161.15388,1377.5713,66.43071,1.2304515E-4,0.27782437,135,20.791557
17711,0,3340.9,161.15388,1385.5244,66.814415,1.12071204E-4,0.2768333,134,20.977047
17754,0,3340.9,161.15388,1393.4772,67.19811,1.1390451E-4,0.2758926,134,21.091091
17801,0,3340.9,161.15388,1401.4315,67.58187,9.6278265E-5,0.27362213,133,21.254654
17848,0,3340.9,161.15388,1409.3837,67.96554,1.0323204E-4,0.27130154,132,21.119192
17897,0,3340.9,161.15388,1417.3363,68.34922,1.0286106E-4,0.2711149,132,21.329464
17941,0,3340.9,161.15388,1425.289,68.73291,9.8585726E-5,0.26930705,131,21.238773
17984,0,3340.9,161.15388,1433.2434,69.11668,1.2130216E-4,0.26879638,130,21.367983
18025,0,3340.9,161.15388,1441.1962,69.50037,8.587915E-5,0.2684004,130,21.644669
18067,0,3340.9,161.15388,1449.1495,69.88409,9.3023096E-5,0.2670383,130,21.844814
18114,0,3340.9,161.15388,1457.1039,70.26786,1.2160999E-4,0.2665386,129,22.08229
18155,0,3340.9,161.15388,1465.0577,70.6516,1.12150774E-4,0.26505652,129,21.977247
18200,0,3340.9,161.15388,1473.01,71.03526,1.2956516E-4,0.2644836,129,22.184917
18243,0,3340.9,161.15388,1480.9628,71.41895,1.122633E-4,0.26422778,128,22.052778
18282,0,3340.9,161.15388,1488.9163,71.80268,1.0028119E-4,0.26414526,128,22.351435
18325,0,3340.9,161.15388,1496.8689,72.18637,1.0731036E-4,0.26237446,128,22.676899
18368,0,3340.9,161.15388,1504.8221,72.570076,1.1537921E-4,0.26092353,127,22.756615
18409,0,3340.9,161.15388,1512.7762,72.953835,1.5528942E-4,0.25860333,126,22.791153
18449,0,3340.9,161.15388,1520.7284,73.3375,1.3613197E-4,0.25828516,126,22.919094
18489,0,3340.9,161.15388,1528.6816,73.721214,1.0875747E-4,0.25767714,125,23.141985
18536,0,3340.9,161.15388,1536.6361,74.10498,1.267305E-4,0.25743568,125,23.34773
18578,0,3340.9,161.15388,1544.5897,74.488716,1.0104573E-4,0.25616968,125,23.104103
18618,0,3340.9,161.15388,1552.5424,74.8724,1.0656864E-4,0.25431445,124,23.24275
18659,0,3340.9,161.15388,1560.4961,75.25614,1.0398616E-4,0.25371322,124,23.230753
18701,0,3340.9,161.15388,1568.4496,75.63987,1.18700555E-4,0.25156176,123,23.458149
18738,0,3340.9,161.15388,1576.4023,76.02355,1.0096699E-4,0.2500455,122,23.603245
18778,0,3340.9,161.15388,1584.3555,76.407265,1.04292034E-4,0.24899891,122,23.9282
18815,0,3340.9,161.15388,1592.3088,76.790985,9.379556E-5,0.246822,121,24.055733
18853,0,3340.9,161.15388,1600.2609,77.17464,9.743287E-5,0.24608167,120,24.323942
18895,0,3340.9,161.15388,1608.2134,77.55831,1.09724206E-4,0.24560887,120,24.486553
18931,0,3340.9,161.15388,1616.1656,77.94198,1.2760887E-4,0.24514851,120,24.45676
18970,0,3340.9,161.15388,1624.12,78.32575,9.639659E-5,0.24480271,120,24.744785
19011,0,3340.9,161.15388,1632.0734,78.70947,1.1786422E-4,0.24450794,120,24.79078
19048,0,3340.9,161.15388,1640.0262,79.09316,1.20780736E-4,0.24213316,118,24.640734
19085,0,3340.9,161.15388,1647.9785,79.47683,1.1050103E-4,0.241578,118,25.07157
19122,0,3340.9,161.15388,1655.9327,79.860596,1.0205112E-4,0.24153545,118,25.317408
19157,0,3340.9,161.15388,1663.8854,80.24428,1.16606214E-4,0.2400389,118,25.42705
19196,0,3340.9,161.15388,1671.8376,80.62795,1.15128554E-4,0.23795685,117,25.740541
19230,0,3340.9,161.15388,1679.7902,81.01162,1.0725458E-4,0.23585758,116,25.777481
19266,0,3340.9,161.15388,1687.7434,81.39534,1.1129959E-4,0.2356478,116,26.064207
19301,0,3340.9,161.15388,1695.6973,81.77908,1.0398603E-4,0.23464637,115,26.28532
19340,0,3340.9,161.15388,1703.651,82.16282,8.051941E-5,0.23344594,115,26.425816
19378,0,3340.9,161.15388,1711.604,82.54652,1.0217987E-4,0.23168835,114,26.269213
19414,0,3340.9,161.15388,1719.557,82.93022,1.01963466E-4,0.23149753,114,26.364807
19452,0,3340.9,161.15388,1727.5109,83.313965,8.575946E-5,0.22997552,113,26.361803
19485,0,3340.9,161.15388,1735.4639,83.69767,9.733731E-5,0.22953728,113,26.682095
19519,0,3340.9,161.15388,1743.4178,84.08141,1.07593616E-4,0.22768334,112,27.028404
19555,0,3340.9,161.15388,1751.3717,84.465164,1.2008016E-4,0.22635624,111,27.076073
19589,0,3340.9,161.15388,1759.325,84.84888,6.646097E-5,0.2257261,111,27.214045
19624,0,3340.9,161.15388,1767.2787,85.23262,1.2534927E-4,0.22382495,110,27.454998
19655,0,3340.9,161.15388,1775.2329,85.61638,8.379832E-5,0.2217465,109,27.647896
19688,0,3340.9,161.15388,1783.186,86.000084,1.7874339E-4,0.2214233,109,27.970222
19720,0,3340.9,161.15388,1791.1395,86.38381,9.278544E-5,0.22121763,109,28.243992
19754,0,3340.9,161.15388,1799.0935,86.76756,9.751179E-5,0.2200489,109,28.277298
19789,0,3340.9,161.15388,1807.0477,87.15132,9.793493E-5,0.21866548,108,28.465084
19822,0,3340.9,161.15388,1815.0013,87.53505,1.1068332E-4,0.21740052,107,28.717648
19857,0,3340.9,161.15388,1822.9557,87.918816,9.426246E-5,0.21639262,107,28.547846
19888,0,3340.9,161.15388,1830.9078,88.30248,8.984441E-5,0.21462871,106,28.9716
19920,0,3340.9,161.15388,1838.8607,88.68618,9.0672795E-5,0.21279258,105,29.048038
19953,0,3340.9,161.15388,1846.8152,89.06995,1.3939245E-4,0.21193372,105,29.322859
19996,0,3340.9,161.15388,1854.7689,89.45369,1.4461076E-4,0.21170142,105,29.479416
20027,0,3340.9,161.15388,1862.7213,89.837364,9.5046744E-5,0.20967011,104,28.870916
20059,0,3340.9,161.15388,1870.675,90.2211,1.377904E-4,0.20852096,103,29.197205
20094,0,3340.9,161.15388,1878.6289,90.604836,1.1484757E-4,0.207136,103,28.818462
20132,0,3340.9,161.15388,1886.5822,90.988556,1.0169184E-4,0.20705809,103,28.736172
20161,0,3340.9,161.15388,1894.5347,91.37223,1.0415854E-4,0.20665456,102,29.258423
20205,0,3340.9,161.15388,1902.4872,91.75591,1.2016567E-4,0.20630349,102,29.730278
20236,0,3340.9,161.15388,1910.4402,92.13962,1.18285236E-4,0.20434648,101,29.035397
20268,0,3340.9,161.15388,1918.3943,92.52337,1.4732714E-4,0.20215534,100,29.026989
20297,0,3340.9,161.15388,1926.3483,92.90712,7.915383E-5,0.20167807,100,29.641096
20329,0,3340.9,161.15388,1934.3021,93.29086,1.0710524E-4,0.20094894,100,30.085793
20361,0,3340.9,161.15388,1942.255,93.67456,1.4998182E-4,0.19967887,99,30.183592
20390,0,3340.9,161.15388,1950.2086,94.05829,1.1192244E-4,0.19958055,99,30.352165
20419,0,3340.9,161.15388,1958.1616,94.44199,6.9883245E-5,0.19741525,98,30.615784
20448,0,3340.9,161.15388,1966.1139,94.82566,1.0413163E-4,0.19739962,98,31.050446
20477,0,3340.9,161.15388,1974.0662,95.20933,1.1980045E-4,0.19516838,97,31.325018
20504,0,3340.9,161.15388,1982.0198,95.593056,1.16862546E-4,0.19367382,97,31.878016
20540,0,3340.9,161.15388,1989.9734,95.97679,1.99358E-4,0.19282398,96,31.95759
20570,0,3340.9,161.15388,1997.9258,96.360466,7.18667E-5,0.192187,96,31.698795
20597,0,3340.9,161.15388,2005.8789,96.74417,1.3708335E-4,0.1910253,95,31.853716
20624,0,3340.9,161.15388,2013.833,97.12792,1.2485523E-4,0.19028305,95,32.631824
20651,0,3340.9,161.15388,2021.7867,97.511665,1.1599429E-4,0.18995926,95,33.067886
20680,0,3340.9,161.15388,2029.7397,97.89536,1.3777675E-4,0.18964922,95,33.074253
20706,0,3340.9,161.15388,2037.693,98.27908,1.02419144E-4,0.18944013,95,33.67498
20734,0,3340.9,161.15388,2045.6453,98.66275,1.090487E-4,0.18781792,94,34.010242
20761,0,3340.9,161.15388,2053.598,99.04643,1.3604657E-4,0.18664734,93,34.23607
20787,0,3340.9,161.15388,2061.5508,99.43013,1.3739939E-4,0.18523175,93,34.501194
20816,0,3340.9,161.15388,2069.5051,99.813896,8.30166E-5,0.18438083,92,34.518795
20842,0,3340.9,161.15388,2077.459,100.19764,8.926024E-5,0.18254901,92,35.000492
20867,0,3340.9,161.15388,2085.4124,100.58135,9.9022545E-5,0.18073729,91,35.337532
20893,0,3340.9,161.15388,2093.3652,100.96506,9.719211E-5,0.1805904,91,35.8074
20918,0,3340.9,161.15388,2101.319,101.3488,1.0327168E-4,0.178414,90,36.078484
20944,0,3340.9,161.15388,2109.2725,101.73252,1.0308499E-4,0.1777882,90,36.35762
20968,0,3340.9,161.15388,2117.2258,102.116234,1.0311999E-4,0.17543632,88,36.66469
20992,0,3340.9,161.15388,2125.178,102.4999,9.439566E-5,0.1753165,88,37.144566
21016,0,3340.9,161.15388,2133.1304,102.883575,1.06703774E-4,0.1750221,88,37.51575
21042,0,3340.9,161.15388,2141.0833,103.26727,9.9961806E-5,0.17459005,88,37.92446
21068,0,3340.9,161.15388,2149.0376,103.65104,1.3117897E-4,0.17451364,88,37.59606
21093,0,3340.9,161.15388,2156.99,104.034706,1.2532575E-4,0.17230263,87,38.22783
21117,0,3340.9,161.15388,2164.9426,104.41839,1.8078521E-4,0.17201972,87,38.485527
21139,0,3340.9,161.15388,2172.8955,104.80209,1.682889E-4,0.16986164,86,38.883034
21164,0,3340.9,161.15388,2180.85,105.18587,1.2754802E-4,0.16838686,85,39.272057
21187,0,3340.9,161.15388,2188.804,105.56961,1.3518693E-4,0.16818793,85,39.427155
21212,0,3340.9,161.15388,2196.758,105.95337,1.6340114E-4,0.16623665,84,39.56637
21236,0,3340.9,161.15388,2204.7117,106.3371,1.5916559E-4,0.16517977,84,39.478546
21260,0,3340.9,161.15388,2212.6653,106.72083,1.2239817E-4,0.16508092,84,39.992867
21283,0,3340.9,161.15388,2220.6174,107.104485,1.1005329E-4,0.16407618,83,40.162445
21305,0,3340.9,161.15388,2228.571,107.48822,1.4558077E-4,0.16375938,83,40.553867
21332,0,3340.9,161.15388,2236.5247,107.871956,1.3891936E-4,0.1633453,83,40.914673
21359,0,3340.9,161.15388,2244.4778,108.25567,1.7011716E-4,0.16269422,83,40.696205
21382,0,3340.9,161.15388,2252.4297,108.63931,9.0639536E-5,0.16067538,82,40.31506
21404,0,3340.9,161.15388,2260.3843,109.02309,1.0554159E-4,0.1589152,81,40.436207
21426,0,3340.9,161.15388,2268.3372,109.406784,1.2660136E-4,0.15741056,80,41.035465
21451,0,3340.9,161.15388,2276.2905,109.79051,1.07957225E-4,0.15670678,80,41.506157
21474,0,3340.9,161.15388,2284.2434,110.17421,1.14144816E-4,0.15538873,79,40.916897
21497,0,3340.9,161.15388,2292.1968,110.55792,9.8170014E-5,0.15365541,79,41.633465
21519,0,3340.9,161.15388,2300.1494,110.941605,1.13700735E-4,0.15146577,78,41.970127
21540,0,3340.9,161.15388,2308.1035,111.32536,8.9221605E-5,0.15079284,77,42.220158
21567,0,3340.9,161.15388,2316.0579,111.70914,9.842058E-5,0.14915583,77,42.56056
21593,0,3340.9,161.15388,2324.011,112.092834,9.6695774E-5,0.14772068,76,41.99668
21613,0,3340.9,161.15388,2331.9631,112.4765,1.7538496E-4,0.1464086,75,41.87473
21633,0,3340.9,161.15388,2339.9167,112.86023,1.0774233E-4,0.14417003,74,42.748383
21653,0,3340.9,161.15388,2347.8687,113.24388,1.0698686E-4,0.14302605,74,43.41392
21672,0,3340.9,161.15388,2355.8228,113.62764,1.0712851E-4,0.14153975,73,44.296993
21693,0,3340.9,161.15388,2363.777,114.0114,1.0710195E-4,0.14131387,73,44.934326
21714,0,3340.9,161.15388,2371.73,114.395096,9.620808E-5,0.13957693,72,44.967903
21733,0,3340.9,161.15388,2379.683,114.77881,1.3095734E-4,0.137445,71,45.519215
21751,0,3340.9,161.15388,2387.6375,115.162575,1.1076748E-4,0.1366154,71,46.08238
21772,0,3340.9,161.15388,2395.5896,115.546234,1.14553084E-4,0.13638058,71,46.889946
21797,0,3340.9,161.15388,2403.5437,115.92999,1.0621523E-4,0.13486408,70,47.022163
21817,0,3340.9,161.15388,2411.4968,116.3137,1.0777857E-4,0.13324854,69,46.35603
21835,0,3340.9,161.15388,2419.4512,116.69747,9.074841E-5,0.13248752,69,47.00019
21855,0,3340.9,161.15388,2427.4043,117.08117,9.978555E-5,0.13241269,69,47.751087
21876,0,3340.9,161.15388,2435.3567,117.46484,1.2429917E-4,0.13040045,68,47.290447
21894,0,3340.9,161.15388,2443.3105,117.848595,1.1970286E-4,0.12898058,68,48.14458
21913,0,3340.9,161.15388,2451.2627,118.232254,1.2056467E-4,0.12688006,67,48.760807
21934,0,3340.9,161.15388,2459.2168,118.616005,1.0959302E-4,0.12591816,66,48.990734
21954,0,3340.9,161.15388,2467.1692,118.99968,1.1193045E-4,0.12483702,66,49.18814
21977,0,3340.9,161.15388,2475.1228,119.38341,1.08626315E-4,0.124605894,66,48.91987
21997,0,3340.9,161.15388,2483.0757,119.76711,1.0924584E-4,0.12280915,65,48.599197
22015,0,3341.8215,161.19833,2491.03,120.15088,3.3605495E-4,0.12106904,64,48.698524
22033,0,3341.8215,161.19833,2498.985,120.534676,2.0152942E-4,0.11903776,63,49.358574
22050,0,3343.3572,161.27243,2506.946,120.91876,7.807698E-4,0.1178569,63,49.840958
22067,0,3334.6382,160.85176,2514.8977,121.30241,6.721623E-4,0.11667939,62,50.891533
22088,0,3315.669,159.93658,2522.817,121.68447,6.9252617E-4,0.11553247,61,50.199806
22108,0,3275.8357,158.01479,2530.689,122.06427,0.003505171,0.114392765,61,50.289875
22137,0,3093.981,149.24097,2538.4302,122.43775,0.0046392363,0.11295838,60,48.647247
22156,0,3201.9429,154.44972,2545.5828,122.78284,0.0019834577,0.11285549,60,48.786842
22174,0,3385.9834,163.32898,2553.1033,123.145676,0.002481416,0.11079194,59,49.88576
22192,0,3192.6953,154.00356,2560.9158,123.52259,0.002388049,0.110049605,59,50.734474
22210,0,3626.569,174.93634,2568.9636,123.91087,0.0058231037,0.10773216,58,51.776943
22226,0,3583.3809,172.85266,2577.776,124.33603,0.004838165,0.10593887,57,52.179367
22253,0,3409.8523,164.48058,2586.2065,124.74278,0.009829479,0.103630304,56,50.254482
22271,0,3499.245,168.79343,2594.2568,125.13118,0.008847954,0.1032052,56,50.6983
22290,0,3463.562,167.07185,2602.5186,125.52978,0.009031989,0.102950215,56,51.1958
22308,0,3571.8428,172.29599,2610.894,125.93386,0.010027247,0.10209099,55,51.91763
22326,0,3664.6453,176.77338,2619.5244,126.35024,0.009840636,0.10212256,55,52.870586
22346,0,3402.4023,164.12114,2627.936,126.756065,0.0061326968,0.10167039,55,52.38142
22364,0,3332.85,160.7655,2635.9033,127.140465,0.005809554,0.10021868,55,53.466694
22380,0,3594.188,173.37407,2644.197,127.540596,0.007129033,0.09893695,54,53.57139
22402,0,3955.9475,190.8276,2653.2383,127.976814,0.0059588887,0.097591065,53,52.311398
22419,0,4090.7952,197.33348,2662.853,128.44067,0.006178291,0.095591985,53,52.913048
22437,0,4090.7952,197.33348,2672.5923,128.91055,0.006137153,0.09548946,52,53.312164
22455,0,3962.4333,191.1405,2682.4358,129.38547,0.0029179608,0.09523486,52,53.48545
22472,0,4025.8047,194.19794,2692.3625,129.8644,0.0030711996,0.09326884,51,53.73768
22489,0,4088.05,197.20105,2702.0461,130.3316,0.0030424674,0.091953665,51,54.59905
22506,0,3934.9524,189.81467,2711.345,130.78024,0.001988498,0.09064124,50,54.749523
22523,0,3772.7405,181.98854,2720.5588,131.22478,9.97645E-4,0.08996722,50,55.250015
22539,0,3441.0286,165.9847,2729.1902,131.6412,0.0011834298,0.088761,49,55.7612
22557,0,3442.569,166.05902,2737.3848,132.03656,5.1366887E-4,0.087696515,49,56.246685
22585,0,3443.081,166.08372,2745.581,132.43199,6.3924905E-4,0.08621912,48,54.08014
22603,0,3443.081,166.08372,2753.7773,132.82744,3.557494E-4,0.08484414,48,54.22289
22619,0,3418.5715,164.90125,2761.9539,133.22191,0.0012999295,0.08419878,47,54.829227
22636,0,3349.05,161.54709,2770.0227,133.6112,0.0011228956,0.08259794,47,55.37397
22652,0,3289.8809,158.6924,2777.927,133.99255,6.000174E-4,0.08137196,46,55.767857
22668,0,3223.3286,155.4815,2785.681,134.36665,6.9805706E-4,0.0791984,45,56.367893
22685,0,3148.476,151.87016,2793.2688,134.73274,6.796746E-4,0.07901572,45,56.88625
22702,0,3148.476,151.87016,2800.7651,135.09442,1.1804738E-4,0.078883074,45,57.05687
22718,0,3148.476,151.87016,2808.2612,135.45607,1.3763361E-4,0.07772859,44,57.492912
22734,0,3148.476,151.87016,2815.7578,135.81775,1.3396118E-4,0.076878555,44,57.653065
22752,0,3148.476,151.87016,2823.2527,136.17935,1.2780838E-4,0.0748487,43,57.845592
22768,0,3148.476,151.87016,2830.7483,136.54099,1.0077899E-4,0.073835164,43,58.070374
22784,0,3148.476,151.87016,2838.2444,136.90265,1.05847E-4,0.073012635,42,58.322308
22801,0,3148.476,151.87016,2845.7393,137.26425,1.0489675E-4,0.070735164,41,58.23157
22817,0,3148.476,151.87016,2853.2334,137.62582,1.1131432E-4,0.0684658,40,58.60968
22834,0,3148.476,151.87016,2860.7288,137.98744,1.10111025E-4,0.06748945,40,58.951286
22851,0,3148.476,151.87016,2868.225,138.3491,1.230102E-4,0.065974474,39,58.7527
22867,0,3148.476,151.87016,2875.719,138.71066,1.3470587E-4,0.064280935,38,59.08204
22885,0,3148.476,151.87016,2883.2134,139.07224,1.3251293E-4,0.062436525,38,58.830345
22901,0,3148.476,151.87016,2890.7095,139.4339,1.329241E-4,0.061888922,37,59.182003
22917,0,3148.476,151.87016,2898.2043,139.79549,1.0159761E-4,0.059952006,36,59.43573
22935,0,3148.476,151.87016,2905.7002,140.15714,1.0747133E-4,0.058263566,36,59.411114
22951,0,3148.476,151.87016,2913.1968,140.51881,1.2705964E-4,0.056953758,35,59.383537
22967,0,3148.476,151.87016,2920.692,140.88043,1.04525156E-4,0.054857627,34,59.59976
22985,0,3148.476,151.87016,2928.187,141.24203,1.0875038E-4,0.054403394,34,59.52716
23000,0,3148.476,151.87016,2935.682,141.60364,1.0206583E-4,0.052980825,33,59.473362
23020,0,3148.476,151.87016,2943.177,141.96524,1.3318946E-4,0.052920744,33,58.925156
23034,0,3148.476,151.87016,2950.6716,142.32683,1.2735376E-4,0.050988384,32,59.59825
23050,0,3148.476,151.87016,2958.1663,142.68843,1.2844797E-4,0.050150897,32,59.852203
23066,0,3148.476,151.87016,2965.6611,143.05003,1.08128064E-4,0.04988005,32,60.023132
23083,0,3148.476,151.87016,2973.1572,143.4117,1.1193805E-4,0.0494582,32,59.964615
23100,0,3148.476,151.87016,2980.6514,143.77325,1.15756164E-4,0.049351998,32,59.931755
23116,0,3148.476,151.87016,2988.1472,144.1349,1.0616124E-4,0.047281,31,59.971466
23133,0,3148.476,151.87016,2995.6428,144.49654,1.0796028E-4,0.04495376,30,59.940746
23149,0,3148.476,151.87016,3003.137,144.8581,1.0762297E-4,0.044758923,30,59.98616
23166,0,3148.476,151.87016,3010.632,145.21971,1.336477E-4,0.042815402,29,59.92574
23183,0,3148.476,151.87016,3018.1282,145.58136,1.2876806E-4,0.040552452,28,59.936104
23199,0,3148.476,151.87016,3025.6238,145.943,3.0414644E-4,0.038378958,27,59.772717
23216,0,3148.476,151.87016,3033.1184,146.30458,1.5927533E-4,0.03812977,27,60.085224
23233,0,3148.476,151.87016,3040.6128,146.66615,1.8643866E-4,0.037741255,26,60.0177
23249,0,3148.476,151.87016,3048.1082,147.02779,1.0331721E-4,0.03687538,26,59.87673
23266,0,3148.476,151.87016,3055.6038,147.38942,1.0985602E-4,0.03585522,26,59.848236
23283,0,3148.476,151.87016,3063.1,147.75108,1.0862999E-4,0.03405016,25,60.109726
23300,0,3148.476,151.87016,3070.596,148.11273,1.08859866E-4,0.03210157,24,59.888317
23316,0,3148.476,151.87016,3078.0898,148.47429,8.979866E-5,0.029815763,23,59.877087
23332,0,3148.476,151.87016,3085.5852,148.83592,9.337264E-5,0.028467726,22,60.089336
23350,0,3148.476,151.87016,3093.0793,149.19748,1.0845496E-4,0.027645273,22,59.78861
23365,0,3148.476,151.87016,3100.576,149.55916,9.0402755E-5,0.025428064,21,60.219322
23382,0,3148.476,151.87016,3108.0718,149.9208,9.3787545E-5,0.024097411,20,60.06325
23399,0,3148.476,151.87016,3115.567,150.28241,9.315289E-5,0.022526164,20,59.991932
23416,0,3148.476,151.87016,3123.0625,150.64404,1.03671846E-4,0.02196066,19,59.98671
23433,0,3148.476,151.87016,3130.5586,151.0057,1.2633082E-4,0.021565435,19,59.822628
23449,0,3148.476,151.87016,3138.0535,151.36731,1.4653229E-4,0.019517293,18,59.989937
23466,0,3148.476,151.87016,3145.5479,151.72888,9.831638E-5,0.017220791,17,59.792557
23482,0,3148.476,151.87016,3153.044,152.09053,1.07356864E-4,0.015757777,17,60.013695
23499,0,3148.476,151.87016,3160.5383,152.4521,1.1484516E-4,0.013615374,16,60.01486
23516,0,3148.476,151.87016,3168.0334,152.81372,1.1344111E-4,0.011855331,15,59.854008
23533,0,3148.476,151.87016,3175.5276,153.17528,9.88999E-5,0.011035335,14,59.770546
23549,0,3148.476,151.87016,3183.0227,153.5369,1.0162638E-4,0.009924472,14,60.032593
23565,0,3148.476,151.87016,3190.518,153.89851,9.011325E-5,0.008728654,13,60.21669
23582,0,3148.476,151.87016,3198.0127,154.26012,9.227196E-5,0.008163118,13,60.050247
23598,0,3148.476,151.87016,3205.5073,154.6217,1.2568197E-4,0.0074982117,13,60.027412
23616,0,3148.476,151.87016,3213.0024,154.9833,1.1560174E-4,0.0057291184,12,60.14483
23633,0,3148.476,151.87016,3220.4973,155.34491,1.17491785E-4,0.005728249,12,59.71082
23648,0,3148.476,151.87016,3227.992,155.7065,1.17137395E-4,0.005727184,12,60.080563
23666,0,3148.476,151.87016,3235.1426,156.05148,1.16139614E-4,0.005710613,12,60.015903
23682,0,3148.476,151.87016,3240.06,156.28873,1.3135454E-4,0.005683723,12,60.077168
23698,0,3148.476,151.87016,3241.594,156.36275,1.06664695E-4,0.005653298,12,60.15599
23716,0,3148.476,151.87016,3240.539,156.31184,1.21849196E-4,0.0056343204,12,59.92073
23732,0,3148.476,151.87016,3238.2551,156.20166,1.190021E-4,0.005629185,12,60.011703
23749,0,3148.476,151.87016,3235.8364,156.08496,1.08943714E-4,0.005625138,12,59.954464
23765,0,3148.476,151.87016,3231.7322,155.88695,1.2745893E-4,0.005605578,12,60.068867
23782,0,3148.476,151.87016,3228.6187,155.73672,1.2398732E-4,0.005595638,12,59.92226
23798,0,3148.476,151.87016,3225.505,155.5865,1.2463826E-4,0.005597434,12,60.074757
23815,0,3148.476,151.87016,3222.3914,155.43628,1.1479079E-4,0.0055970945,12,60.075256
23832,0,3148.476,151.87016,3219.3164,155.28793,1.02079E-4,0.005596461,12,59.97204
23848,0,3148.476,151.87016,3216.2798,155.14143,1.0446246E-4,0.005596005,12,60.053413
23865,0,3148.476,151.87016,3213.2437,154.99495,1.2443E-4,0.0055959737,12,59.98387
23882,0,3148.476,151.87016,3210.2078,154.84846,1.2068609E-4,0.005595784,12,59.9616
23898,0,3148.476,151.87016,3207.1714,154.70198,1.21388075E-4,0.0055956794,12,60.12316
23915,0,3148.476,151.87016,3204.1355,154.55551,1.1417596E-4,0.005595582,12,60.024384
23932,0,3148.476,151.87016,3201.0994,154.40903,1.0367997E-4,0.0055953814,12,59.930202
23949,0,3148.476,151.87016,3198.063,154.26254,1.0564797E-4,0.005595365,12,60.00865
23966,0,3148.476,151.87016,3195.027,154.11607,1.0327174E-4,0.00559543,12,59.81423
23982,0,3148.476,151.87016,3191.9907,153.96957,1.0371729E-4,0.005595388,12,59.966003
23999,0,3148.476,151.87016,3188.9548,153.8231,1.4414458E-4,0.0055954666,12,59.902946
24015,0,3148.476,151.87016,3185.9185,153.67662,1.11215355E-4,0.0055955728,12,59.941967
24032,0,3148.476,151.87016,3182.882,153.5301,1.1738959E-4,0.0055954685,12,60.022026
24049,0,3148.476,151.87016,3179.846,153.38364,1.16231924E-4,0.0055952747,12,60.006615
24065,0,3148.476,151.87016,3176.8096,153.23714,1.1082883E-4,0.0055952566,12,60.135742
24082,0,3148.476,151.87016,3173.7734,153.09065,1.1184191E-4,0.0055952095,12,59.89457
24098,0,3148.476,151.87016,3170.7373,152.94418,1.256023E-4,0.005595081,12,60.10623
24115,0,3148.476,151.87016,3167.7012,152.79768,1.0571658E-4,0.005594771,12,59.96641
24132,0,3148.476,151.87016,3164.6648,152.6512,1.0944515E-4,0.005594433,12,59.96184
24149,0,3148.476,151.87016,3161.6672,152.50658,1.0874604E-4,0.005593928,12,59.932755
24165,0,3152.0642,152.04326,3158.7136,152.36407,4.3963065E-4,0.0055947243,12,60.030216
24182,0,3154.0144,152.13736,3155.7666,152.2219,3.7758978E-4,0.005596299,12,60.039948
24199,0,3154.0144,152.13736,3152.8218,152.07982,3.9831927E-4,0.005597732,12,60.0427
24215,0,3154.0144,152.13736,3150.55,151.97021,3.0542188E-4,0.005565491,12,60.23404
24232,0,3154.0144,152.13736,3149.7502,151.93163,3.2284012E-4,0.0055067227,12,60.131176
24248,0,3154.0144,152.13736,3150.6672,151.97588,4.284347E-4,0.005386782,12,59.98925
24265,0,3154.0144,152.13736,3152.8083,152.07918,4.1932717E-4,0.0053148638,12,59.877045
24282,0,3154.0144,152.13736,3155.1396,152.19165,4.2103484E-4,0.0052230493,12,59.98976
24299,0,3154.0144,152.13736,3156.978,152.28033,4.2071467E-4,0.0051472597,12,59.90802
24316,0,3157.7,152.31517,3159.1125,152.38333,5.123582E-4,0.0051432196,12,59.8823
24333,0,3157.7,152.31517,3161.3682,152.49216,4.6897202E-4,0.0051213223,12,59.990982
24349,0,3158.7239,152.36458,3163.753,152.6072,5.54456E-4,0.005107547,12,59.870113
24365,0,3158.8262,152.3695,3166.416,152.73569,5.3135236E-4,0.005100099,12,60.03725
24383,0,3158.5166,152.35457,3169.1873,152.86938,5.3568435E-4,0.0050841486,12,59.816643
24398,0,3157.7952,152.31976,3172.1316,153.01144,5.3487206E-4,0.005077559,12,60.135826
24416,0,3147.2285,151.80997,3175.1743,153.15825,5.891884E-4,0.0050636395,12,59.889744
24433,0,3138.4094,151.38449,3178.4387,153.31573,5.073939E-4,0.0050551193,12,59.92405
24448,0,3127.3381,150.85033,3181.8005,153.47794,5.227304E-4,0.005057147,12,60.141197
24466,0,3176.5547,153.22485,3185.208,153.64233,3.8900645E-4,0.005058589,12,60.0231
24482,0,3176.5547,153.22485,3188.673,153.80951,2.1846344E-4,0.0050595514,12,60.066345
24499,0,3176.5547,153.22485,3192.1384,153.9767,2.5044027E-4,0.0050601517,12,59.716827
24516,0,3176.5547,153.22485,3195.6035,154.14388,2.4444459E-4,0.0050608343,12,59.9224
24533,0,3176.5547,153.22485,3199.0688,154.31105,1.14523165E-4,0.005061103,12,59.75295
24549,0,3176.5547,153.22485,3202.5337,154.47823,1.3888344E-4,0.005061132,12,60.24957
24566,0,3176.5547,153.22485,3205.999,154.64543,1.00053105E-4,0.0050611473,12,59.928513
24583,0,3176.5547,153.22485,3209.4639,154.81259,1.2012581E-4,0.0050611505,12,60.264973
24599,0,3176.5547,153.22485,3212.9292,154.97978,1.17460426E-4,0.0050611254,12,60.063057
24616,0,3176.5547,153.22485,3216.3945,155.14697,1.1563398E-4,0.005061118,12,60.06282
24632,0,3176.5547,153.22485,3219.7183,155.30731,1.15976436E-4,0.0050458303,12,60.16357
24649,0,3176.5547,153.22485,3222.9397,155.46274,1.15912226E-4,0.005036131,12,60.141457
24666,0,3176.5547,153.22485,3226.1663,155.61841,1.1961683E-4,0.0050371187,12,60.011024
24683,0,3176.5547,153.22485,3229.3936,155.77411,1.1892222E-4,0.0050368304,12,60.012726
24699,0,3176.5547,153.22485,3232.62,155.92978,2.5236793E-4,0.005037137,12,59.97882
24716,0,3140.669,151.4935,3235.8225,156.08429,0.0013039107,0.005041219,12,59.887356
24733,0,3043.3643,146.7989,3238.8555,156.23062,0.0011067464,0.0050471188,12,60.020332
24749,0,2912.1167,140.46672,3241.6228,156.36414,9.873413E-4,0.005052243,12,60.043774
24767,0,2749.8523,132.63806,3243.9058,156.47427,0.004262506,0.0050675226,12,59.79962
24784,0,2613.3286,126.05132,3245.9963,156.57515,0.0036484129,0.0050885445,12,59.954273
24800,0,2453.1667,118.32411,3247.9922,156.67143,0.0031900753,0.005097458,12,59.99792
24816,0,2337.4,112.7388,3249.685,156.75311,0.0032760135,0.0051087015,12,60.016754
24833,0,2275.8787,109.77064,3251.2808,156.8301,0.0032599,0.0051265056,12,60.030422
24849,0,2191.2856,105.68935,3252.6926,156.89821,7.212169E-4,0.0051286425,12,60.168537
24866,0,2077.3691,100.193306,3253.803,156.95178,0.0015631298,0.0051080263,12,59.983063
24883,0,1945.6095,93.836395,3254.7356,156.99677,0.0014052711,0.0051027997,12,59.99478
24899,0,1917.1047,92.46115,3255.5044,157.03387,0.0024697874,0.005114505,12,60.074997
24916,0,1868.0929,90.09652,3256.5005,157.08192,0.0022701905,0.005117284,12,60.045506
24933,0,1783.6047,86.02029,3256.8564,157.0991,0.002307615,0.0050903354,12,59.905907
24949,0,1743.3096,84.076195,3256.2148,157.06815,1.6247231E-4,0.005055385,12,59.937088
24967,0,1743.3096,84.076195,3254.918,157.00557,1.6021835E-4,0.00504256,12,59.88251
24983,0,1743.3096,84.076195,3252.9683,156.9115,1.6064096E-4,0.004967633,12,59.903328
24999,0,1743.3096,84.076195,3250.9602,156.81462,2.2564069E-4,0.0049132127,12,59.94121
25016,0,1743.3096,84.076195,3249.153,156.72743,2.8386345E-4,0.004894566,12,59.965034
25033,0,1743.3096,84.076195,3247.5803,156.65157,2.7294667E-4,0.0048349984,12,59.927303
25050,0,1743.3096,84.076195,3246.8313,156.61542,2.7499357E-4,0.0047814245,12,59.95142
25066,0,1743.3096,84.076195,3246.4065,156.59492,1.4185885E-4,0.0047071003,12,59.832943
25083,0,1743.3096,84.076195,3245.5964,156.55585,1.6682161E-4,0.004671096,12,60.022873
25100,0,1743.3096,84.076195,3245.1914,156.53632,1.5688756E-4,0.0046289545,12,59.95506
25116,0,1743.3096,84.076195,3245.3157,156.5423,1.8641636E-4,0.004578906,12,59.920475
25134,0,1743.3096,84.076195,3245.595,156.55579,1.8087972E-4,0.004539758,12,59.992947
25149,0,1743.3096,84.076195,3246.0515,156.5778,1.8191783E-4,0.0044928007,12,60.087757
25166,0,1743.3096,84.076195,3246.885,156.61803,2.7761125E-4,0.004433484,11,59.944973
25183,0,1743.3096,84.076195,3248.0994,156.6766,2.5966874E-4,0.0043728375,11,60.01305
25199,0,1629.8024,78.59991,3246.2292,156.58638,8.4043416E-4,0.0042190677,11,59.878906
25216,0,1347.8191,64.99528,3239.89,156.28052,0.0029384051,0.004126711,11,60.046307
25233,0,1117.519,53.884174,3233.1426,155.95499,0.0025450354,0.0039149933,11,60.114677
25250,0,1084.7047,52.301006,3226.943,155.6559,0.00597295,0.003771212,11,59.940754
25266,0,1126.3429,54.309895,3222.0654,155.42056,0.001997496,0.0037693137,11,59.90103
25283,0,734.0381,35.382668,3217.7434,155.21204,0.0027428935,0.0036876989,11,59.925865
25300,0,789.1071,38.03954,3214.228,155.04243,0.001112843,0.0035110856,11,60.01437
25316,0,844.94763,40.73363,3209.906,154.83391,0.0014184775,0.0031909344,11,59.909878
25334,0,902.52856,43.511696,3203.0925,154.5052,0.001361171,0.0030190733,11,59.943813
25350,0,958.10474,46.193035,3194.9448,154.1121,5.660725E-4,0.0029223436,11,60.056183
25367,0,994.6095,47.95425,3186.4265,153.70111,3.160584E-4,0.002773324,11,59.789448
25383,0,1029.988,49.661137,3177.5867,153.27463,3.6293603E-4,0.0026891138,11,60.091476
25399,0,1066.0834,51.402596,3168.669,152.84438,3.5414647E-4,0.002670309,11,60.26261
25417,0,1084.131,52.273327,3160.8748,152.46834,5.61574E-4,0.0025987662,11,59.91847
25433,0,1101.8715,53.12924,3153.811,152.12755,5.2268134E-4,0.0024550878,11,60.1917
25449,0,1105.25,53.29224,3147.2803,151.81247,0.0027715366,0.0023795813,11,60.194714
25467,0,1112.2167,53.628353,3140.8032,151.49997,0.0019742087,0.0021965606,10,59.822468
25484,0,1119.2858,53.969414,3135.0542,151.2226,0.0021237077,0.0020689995,10,59.917824
25500,0,1098.2643,52.955204,3130.2393,150.9903,0.0018774128,0.002057715,10,59.828377
25516,0,1089.8572,52.549595,3126.0588,150.78862,0.003457204,0.00201148,10,59.915897
