elapsedTime,eventRecognized,frq_rt, col_rt, frq_m, col_m, amp_rt, amp_m, total, framerate;
3310,0,1337.9429,54.287006,543.7846,21.684599,0.0034967377,0.43989363,0,56.211582
3328,0,1446.3785,58.738594,547.09784,21.820616,0.003989122,0.43825775,0,55.34627
3349,0,1416.4857,57.51141,550.45703,21.95852,0.008210146,0.437677,0,55.308147
3361,0,1371.2072,55.6526,553.7458,22.093533,0.008678357,0.43597698,0,56.080433
3379,0,1327.7833,53.86993,556.9938,22.226871,0.008590568,0.43473363,0,56.429153
3399,0,1268.8643,51.451138,560.0351,22.351727,0.0054613557,0.43276796,0,56.680294
3411,0,1410.8309,57.279266,563.2231,22.482601,0.012180639,0.4318211,0,57.19197
3428,0,1872.5596,76.23451,567.11005,22.642172,0.026341716,0.42964742,0,57.57249
3446,0,2212.3738,90.18483,572.07526,22.846008,0.023686513,0.4295503,0,57.39524
3463,0,2266.524,92.40785,577.50055,23.068731,0.03317577,0.42809772,0,57.81344
3480,0,2238.0166,91.23754,582.8674,23.289055,0.024214122,0.42596114,0,58.009426
3498,0,2104.4,85.752205,588.05756,23.502127,0.010443973,0.4252376,0,58.224785
3513,0,1994.3119,81.23279,592.778,23.695913,0.014510655,0.42297518,0,58.45975
3529,0,1847.7953,75.217865,597.4093,23.886042,0.013748152,0.42161074,0,58.49553
3546,0,1753.4905,71.34639,601.56415,24.05661,0.019256718,0.42046446,0,58.453056
3566,0,1641.1024,66.73255,605.57043,24.221079,0.007946623,0.41968426,0,58.67449
3578,0,1533.8334,62.328857,609.3571,24.376532,0.0100672655,0.41855156,0,58.89596
3600,0,1490.8905,60.565933,612.96136,24.524496,0.009988078,0.4167328,0,59.10061
3613,0,1463.7142,59.45027,616.47766,24.66885,0.010002925,0.41499665,0,59.12489
3636,0,1529.4166,62.147537,620.0774,24.81663,0.036372602,0.41325256,0,58.732506
3647,0,1751.5905,71.26839,624.0096,24.978056,0.027467389,0.4129911,0,59.016403
3663,0,1892.381,77.04824,628.3611,25.156698,0.019553356,0.41098514,0,59.31124
3680,0,1797.4595,73.15144,632.76904,25.337658,0.021037238,0.4089534,0,59.49702
3696,0,1936.2881,78.850746,637.28485,25.523045,0.012937326,0.40681142,0,59.494583
3716,0,2478.2834,101.101166,642.4565,25.735353,0.012468915,0.40503263,0,59.538147
3729,0,3031.25,123.80199,649.04443,26.005806,0.012556743,0.40445167,0,59.494965
3748,0,3206.6833,131.004,656.8389,26.325792,0.009922646,0.40349633,0,59.999718
3761,0,3404.0857,139.10793,664.63184,26.645714,0.010416539,0.40135887,0,60.089367
3778,0,3044.507,124.34622,671.8893,26.943651,0.013711559,0.400966,0,59.919777
3794,0,2597.3523,105.98927,678.6446,27.220976,0.007959271,0.39872938,0,60.015182
3812,0,2208.85,90.04018,684.4184,27.458006,0.009037824,0.3971931,0,59.803482
3828,0,1701.3381,69.2054,688.76605,27.636492,0.0154576525,0.3971982,0,59.935802
3844,0,1305.1619,52.941257,692.2897,27.781145,0.009277489,0.39715606,0,60.074284
3861,0,1050.0524,42.4683,694.7698,27.882961,0.010436269,0.39568418,0,60.140415
3877,0,1037.7047,41.961395,697.29205,27.986507,0.012327113,0.39524505,0,60.13776
3895,0,986.4738,39.858223,699.6394,28.082872,0.005163477,0.3939537,0,60.06591
3911,0,913.36664,36.856968,701.91156,28.17615,0.0038236955,0.39180607,0,60.05397
3928,0,819.0452,32.984814,704.0294,28.263094,0.0040749046,0.389487,0,59.87687
3945,0,752.20953,30.241022,705.9138,28.340454,0.008916758,0.38831893,0,59.7144
3962,0,761.7357,30.632097,707.7154,28.414413,0.019051872,0.3870735,0,59.592884
3983,0,899.00476,36.267376,709.6625,28.494347,0.025636097,0.38690072,0,59.538692
3995,0,1064.9095,43.078228,711.9837,28.58964,0.024401555,0.38595536,0,59.778114
4012,0,1245.4595,50.490307,714.72003,28.701973,0.024218457,0.38563374,0,60.049267
4029,0,1383.6595,56.163807,717.818,28.829153,0.024252787,0.38357994,0,59.95431
4047,0,1389.7643,56.41442,721.1833,28.967308,0.011331688,0.38178068,0,59.920605
4062,0,1381.7214,56.08424,724.4967,29.103334,0.013090597,0.38148054,0,59.843533
4078,0,1349.2262,54.75022,727.7537,29.237043,0.012760801,0.37935907,0,60.02651
4095,0,1296.7833,52.597294,730.909,29.366575,0.014482904,0.37884986,0,60.05482
4111,0,1287.9905,52.23632,733.947,29.491295,0.0126938885,0.37753236,0,60.049423
4128,0,1197.1072,48.50531,736.891,29.612152,0.0039043906,0.37610555,0,60.09114
4144,0,1145.119,46.37105,739.7305,29.728724,0.0055524213,0.3745674,0,60.169685
4162,0,1081.2142,43.74758,742.3108,29.83465,0.001220912,0.3731862,0,59.999413
4184,0,1075.9785,43.532642,744.87885,29.940077,5.928607E-4,0.37100697,0,59.917896
4201,0,1067.0571,43.166393,747.4305,30.044828,7.106203E-4,0.369278,0,59.03133
4213,0,1242.6548,50.375168,750.1842,30.157875,0.0133518055,0.3692868,0,60.128716
4229,0,1635.469,66.50128,753.6058,30.298342,0.021731203,0.36724558,0,60.227383
4247,0,2137.5356,87.11251,758.00543,30.47896,0.020160066,0.36545053,0,59.95799
4262,0,2105.1594,85.78339,762.887,30.679361,0.015209943,0.3634791,0,60.00485
4286,0,2162.0833,88.12026,767.6784,30.876062,0.01120815,0.36348918,0,58.30168
4296,0,2216.3428,90.34777,772.649,31.080118,0.0119584855,0.36194092,0,62.62656
4315,0,1970.4333,80.25251,777.67126,31.286297,0.0032128226,0.36181378,0,62.453243
4328,0,1926.3715,78.443634,782.3852,31.479818,0.0048526344,0.36060297,0,62.208
4350,0,1865.969,75.96395,786.846,31.662945,0.012859288,0.3603711,0,61.742294
4362,0,1700.8619,69.185844,791.1703,31.84047,0.019861246,0.35925597,0,61.854107
4379,0,1650.9261,67.13585,795.21014,32.006317,-0.0021522497,0.35698083,0,61.65819
4397,0,1478.119,60.041626,798.97516,32.16088,0.0019752807,0.35467294,0,61.73162
4413,0,1478.119,60.041626,802.4939,32.305336,-1.17668125E-4,0.35464182,0,61.472786
4433,0,1437.1024,58.35778,806.03156,32.450565,0.0073925583,0.35339883,0,61.048637
4449,0,1293.4404,52.460056,809.2,32.580643,0.0059843906,0.35171756,0,60.71542
4463,0,1293.4404,52.460056,812.2785,32.707024,-8.9076906E-4,0.3494601,0,60.7384
4478,0,1293.4404,52.460056,815.35724,32.833412,3.3816506E-4,0.3486539,0,60.94003
4495,0,1293.4404,52.460056,818.435,32.959763,1.0773992E-4,0.3472285,0,60.78622
4513,0,1293.4404,52.460056,821.51434,33.086178,1.5840003E-4,0.34571394,0,60.651527
4528,0,1293.4404,52.460056,824.5917,33.21251,1.4890126E-4,0.3446004,0,60.789383
4545,0,1293.4404,52.460056,827.6702,33.338894,1.5068227E-4,0.3427343,0,60.89809
4562,0,1293.4404,52.460056,830.7483,33.465256,1.503323E-4,0.3418549,0,60.61282
4579,0,1293.4404,52.460056,833.8274,33.591663,1.8637221E-4,0.34142053,0,60.571533
4595,0,1293.4404,52.460056,836.9063,33.71806,1.7961473E-4,0.3406011,0,60.556347
4612,0,1293.4404,52.460056,839.9858,33.84448,1.8088176E-4,0.33909205,0,60.41689
4629,0,1293.4404,52.460056,843.065,33.97089,1.7601925E-4,0.337678,0,60.44695
4646,0,1293.4404,52.460056,846.14294,34.097248,1.7693097E-4,0.33553132,0,60.384445
4662,0,1293.4404,52.460056,849.2212,34.22362,1.439189E-4,0.33526117,0,60.34174
4678,0,1293.4404,52.460056,852.30084,34.35005,1.6785835E-4,0.33300745,0,60.27063
4696,0,1293.4404,52.460056,855.38007,34.47646,1.633697E-4,0.332787,0,60.12284
4712,0,1293.4404,52.460056,858.458,34.602818,1.2740964E-4,0.33245176,0,60.194717
4730,0,1293.4404,52.460056,861.53723,34.72923,1.8107664E-4,0.33243957,0,59.925465
4746,0,1293.4404,52.460056,864.61676,34.85565,1.7101408E-4,0.33205956,0,60.099102
4766,0,1293.4404,52.460056,867.69574,34.98205,1.8235843E-4,0.33060044,0,59.83966
4779,0,1293.4404,52.460056,870.77313,35.108387,1.7826591E-4,0.32849318,0,60.080864
4796,0,1293.4404,52.460056,873.85156,35.234764,1.7903325E-4,0.3264056,0,60.264473
4812,0,1293.4404,52.460056,876.9293,35.361115,1.6600547E-4,0.3249747,0,60.181423
4829,0,1293.4404,52.460056,880.00806,35.487507,1.399633E-4,0.32421613,0,60.219757
4846,0,1293.4404,52.460056,883.0865,35.613884,1.613847E-4,0.32198074,0,60.062084
4863,0,1293.4404,52.460056,886.16473,35.740253,1.5736818E-4,0.31980368,0,60.014248
4879,0,1293.4404,52.460056,889.2422,35.866596,1.7913168E-4,0.31930736,0,60.038982
4899,0,1293.4404,52.460056,892.3194,35.992924,1.4287769E-4,0.3183425,0,59.969955
4912,0,1293.4404,52.460056,895.3982,36.119316,1.4967532E-4,0.31797868,0,60.03387
4929,0,1293.4404,52.460056,898.4775,36.245728,2.0711788E-4,0.3177314,0,60.115067
4946,0,1293.4404,52.460056,901.55695,36.37215,1.7385485E-4,0.31561846,0,59.99159
4963,0,1293.4404,52.460056,904.63525,36.498524,1.8009165E-4,0.31438965,0,59.901215
4979,0,1293.4404,52.460056,907.71405,36.624916,1.3302648E-4,0.31322095,0,59.863037
4996,0,1293.4404,52.460056,910.7919,36.751266,1.418512E-4,0.3108623,0,59.9825
5013,0,1293.4404,52.460056,913.8715,36.877697,1.8509157E-4,0.3098072,0,59.905582
5033,0,1293.4404,52.460056,916.9493,37.004047,1.76984E-4,0.30806455,0,60.156628
5046,0,1293.4404,52.460056,920.02716,37.1304,1.4246913E-4,0.30802152,0,60.117355
5062,0,1293.4404,52.460056,923.10645,37.256813,1.7682058E-4,0.3064074,0,60.01942
5079,0,1293.4404,52.460056,926.1847,37.383186,1.5431066E-4,0.3063489,0,60.10836
5096,0,1293.4404,52.460056,929.2622,37.50953,2.2151797E-4,0.3042048,0,60.125877
5112,0,1293.4404,52.460056,932.34064,37.635906,2.0891661E-4,0.30275306,0,60.033302
5130,0,1293.4404,52.460056,935.41925,37.76229,1.5290818E-4,0.3013902,0,60.02897
5146,0,1293.4404,52.460056,938.49756,37.888664,1.9118088E-4,0.299193,0,60.10465
5166,0,1293.4404,52.460056,941.57544,38.01502,1.8400475E-4,0.29759502,0,59.806084
5179,0,1293.4404,52.460056,944.6539,38.1414,1.56249E-4,0.29647362,0,60.231018
5196,0,1293.4404,52.460056,947.73267,38.26779,1.8643089E-4,0.29628128,0,60.169643
5212,0,1293.4404,52.460056,950.81177,38.394196,1.8077178E-4,0.29553062,0,59.894547
5229,0,1293.4404,52.460056,953.88904,38.520527,1.9030672E-4,0.29436615,0,60.123245
5246,0,1293.4404,52.460056,956.9678,38.646915,1.885189E-4,0.29260236,0,59.941143
5263,0,1293.4404,52.460056,960.0469,38.773323,1.8885412E-4,0.29146016,0,59.74458
5279,0,1293.4404,52.460056,963.1257,38.899715,1.628724E-4,0.28927955,0,59.848278
5297,0,1293.4404,52.460056,966.20416,39.0261,1.6565702E-4,0.28708476,0,59.796993
5313,0,1293.4404,52.460056,969.2832,39.152504,1.651349E-4,0.2864052,0,59.85995
5329,0,1293.4404,52.460056,972.3621,39.2789,1.652328E-4,0.28638205,0,59.91496
5346,0,1282.2667,52.001347,975.4328,39.404957,7.220544E-4,0.28578964,0,60.026836
5366,0,1273.3429,51.635,978.4617,39.5293,6.1765034E-4,0.2847582,0,59.975426
5379,0,1273.3429,51.635,981.49225,39.653713,1.07164175E-4,0.28319952,0,60.159897
5396,0,1273.3429,51.635,984.52374,39.778164,2.781971E-4,0.2831573,0,60.15352
5416,0,1273.3429,51.635,987.55396,39.90257,2.4612845E-4,0.2818844,0,59.942066
5432,0,1254.9905,50.88158,990.57684,40.026665,0.0019135217,0.28127316,0,59.987896
5450,0,1235.9452,50.09972,993.537,40.148186,0.005875213,0.28020418,0,59.311954
5465,0,1137.4572,46.05651,996.42004,40.26654,0.0051323962,0.27862918,0,59.930294
5481,0,1088.0095,44.026546,999.00684,40.372738,0.0031738458,0.27732703,0,59.925407
5497,0,1086.4738,43.9635,1001.59515,40.478996,-1.1681463E-4,0.27628648,0,60.182423
5519,0,1084.5286,43.883644,1004.1777,40.585014,5.001842E-4,0.2749299,0,59.881138
5530,0,1084.5286,43.883644,1006.7577,40.690933,2.3816136E-4,0.27375323,0,60.086895
5547,0,952.79285,38.47553,1009.154,40.789307,0.007966395,0.27166456,0,60.302647
5567,0,819.41907,33.00016,1011.2852,40.8768,0.006517351,0.26971233,0,60.157665
5585,0,726.3214,29.178244,1013.1915,40.955063,0.017049352,0.26837495,0,59.765503
5596,0,633.39526,25.363365,1014.70337,41.017124,0.015074601,0.2682465,0,60.360428
5614,0,465.18332,18.457796,1015.9889,41.0699,0.014778119,0.26623884,0,60.28048
5629,0,472.98334,18.77801,1017.1054,41.115734,0.0019651265,0.2645878,0,60.342472
5646,0,463.8619,18.40355,1018.22144,41.16155,0.0043675625,0.26362836,0,60.32685
5663,0,440.12857,17.42923,1019.29767,41.205734,0.0011990342,0.2630487,0,60.201107
5679,0,442.58572,17.530104,1020.34814,41.24886,4.754876E-4,0.26144487,0,60.16711
5697,0,445.04285,17.630974,1021.4046,41.29223,6.111526E-4,0.26135182,0,59.9728
5713,0,445.04285,17.630974,1022.46295,41.33568,2.0163984E-4,0.26107863,0,60.027985
5730,0,445.04285,17.630974,1023.522,41.379154,1.5806904E-4,0.25962064,0,59.989193
5746,0,445.04285,17.630974,1024.5809,41.422626,1.6623858E-4,0.25804278,0,59.971115
5764,0,445.04285,17.630974,1025.6395,41.466084,1.7372378E-4,0.25680345,0,59.92501
5780,0,445.04285,17.630974,1026.6982,41.50955,1.4316346E-4,0.2555665,0,60.111923
5797,0,445.04285,17.630974,1027.7576,41.553036,1.4889351E-4,0.25358725,0,60.05562
5813,0,445.04285,17.630974,1028.8168,41.59652,1.7398283E-4,0.25357527,0,60.059807
5830,0,445.04285,17.630974,1029.8757,41.63999,1.6845268E-4,0.25335753,0,60.083965
5846,0,445.04285,17.630974,1030.933,41.683395,1.6948958E-4,0.25234988,0,60.045895
5863,0,445.04285,17.630974,1031.9913,41.726845,1.3884803E-4,0.25106353,0,60.015266
5880,0,445.04285,17.630974,1033.0486,41.77025,1.6552536E-4,0.24900177,0,59.9598
5900,0,445.04285,17.630974,1034.1069,41.813698,1.6052336E-4,0.24885507,0,59.919914
5913,0,445.04285,17.630974,1035.1664,41.85719,1.6146123E-4,0.2486924,0,60.136456
5933,0,445.04285,17.630974,1036.2244,41.900623,1.8472686E-4,0.24668428,0,60.02699
5947,0,445.04285,17.630974,1037.282,41.944042,1.5691743E-4,0.24519521,0,59.85695
5966,0,445.04285,17.630974,1038.3412,41.987522,1.621317E-4,0.24393286,0,59.846294
5980,0,445.04285,17.630974,1039.3999,42.030983,1.5752343E-4,0.24174614,0,59.77758
5996,0,445.04285,17.630974,1040.459,42.074467,1.5838747E-4,0.24165545,0,59.99862
6013,0,445.04285,17.630974,1041.5184,42.117958,1.8263918E-4,0.24126369,0,59.80635
6036,0,445.04285,17.630974,1042.5757,42.161358,1.5982428E-4,0.23934896,0,60.04387
6047,0,445.04285,17.630974,1043.6353,42.20486,1.8473018E-4,0.2376965,0,59.900932
6066,0,445.04285,17.630974,1044.6934,42.2483,1.8006032E-4,0.23762627,0,59.938507
6080,0,445.04285,17.630974,1045.7515,42.291733,1.552621E-4,0.23572457,0,59.76565
6100,0,445.04285,17.630974,1046.8109,42.33523,1.3234152E-4,0.23538788,0,59.935234
6113,0,445.04285,17.630974,1047.8687,42.37865,1.3663912E-4,0.23332454,0,60.222534
6132,0,445.04285,17.630974,1048.9279,42.422134,1.6858288E-4,0.23185194,0,60.201042
6147,0,445.04285,17.630974,1049.9852,42.465546,1.6259342E-4,0.23046003,0,60.13181
6163,0,445.04285,17.630974,1051.044,42.509007,1.6876E-4,0.23015846,0,60.178013
6179,0,445.04285,17.630974,1052.1031,42.55249,1.6674458E-4,0.2289118,0,60.089237
6197,0,445.04285,17.630974,1053.1616,42.595943,1.6712246E-4,0.22770616,0,60.24391
6214,0,445.04285,17.630974,1054.2189,42.639347,2.0548912E-4,0.22612898,0,59.917656
6231,0,450.7857,17.866734,1055.2848,42.683105,7.898358E-4,0.22429162,0,59.81379
6247,0,454.89047,18.035246,1056.3615,42.727306,6.802708E-4,0.22293146,0,60.14392
6263,0,458.89047,18.199457,1057.4447,42.771774,7.008142E-4,0.22230363,0,60.02018
6284,0,473.32858,18.792183,1058.5526,42.817257,0.0014950798,0.22058311,0,59.992393
6297,0,479.79285,19.057558,1059.6881,42.863873,0.0010247015,0.21947916,0,60.065598
6313,0,485.4119,19.288237,1060.8344,42.91093,0.0011128974,0.21779805,0,59.958874
6330,0,493.10477,19.604048,1061.9998,42.958775,0.0010963607,0.21649908,0,60.005646
6346,0,495.98096,19.722126,1063.1766,43.007088,4.7093493E-4,0.2161914,0,60.2758
6364,0,500.0595,19.88956,1064.3583,43.055595,5.8820227E-4,0.21418685,0,59.874092
6383,0,502.82858,20.00324,1065.55,43.104523,3.5950125E-4,0.21195099,0,59.96066
6397,0,502.82858,20.00324,1066.7466,43.15364,1.9631581E-4,0.21015106,0,60.19973
6414,0,502.82858,20.00324,1067.9418,43.20271,2.269131E-4,0.20979235,0,59.995384
6430,0,501.57382,19.951729,1069.1346,43.251682,0.0016295866,0.20810598,0,60.147705
6452,0,499.0119,19.846554,1070.3214,43.300404,0.0019392013,0.20595104,0,58.444244
6470,0,507.93332,20.212803,1071.5288,43.349968,0.00540567,0.20579767,0,58.30938
6486,0,507.72858,20.204397,1072.7362,43.399536,0.004755707,0.2053588,0,58.810173
6502,0,501.87857,19.96424,1073.9261,43.448383,0.0030250815,0.20496966,0,59.43126
6520,0,496.02856,19.724081,1075.1034,43.496716,0.0033495736,0.20302925,0,59.49693
6534,0,495.6143,19.707073,1076.2764,43.54487,0.0039667087,0.20070629,0,59.803284
6551,0,495.09763,19.685862,1077.45,43.59305,0.0038509958,0.20071542,0,60.09248
6569,0,497.73096,19.793968,1078.6272,43.641376,0.003872692,0.19839194,0,60.190685
6582,0,489.29047,19.44746,1079.8018,43.689594,6.88441E-4,0.1964273,0,60.44649
6598,0,489.29047,19.44746,1080.9661,43.737392,1.8273262E-4,0.1941658,0,60.589054
6615,0,489.29047,19.44746,1082.131,43.785217,2.7755293E-4,0.19203898,0,60.595222
6631,0,489.29047,19.44746,1083.2936,43.832943,2.5977415E-4,0.19191487,0,60.923325
6647,0,489.29047,19.44746,1084.4583,43.880756,2.5386602E-4,0.1900391,0,61.059383
6663,0,489.29047,19.44746,1085.623,43.928577,2.549738E-4,0.18766919,0,61.022415
6680,0,490.2119,19.48529,1086.7891,43.976444,5.1430153E-4,0.1865834,0,60.775013
6698,0,492.25952,19.56935,1087.9581,44.024437,4.9456547E-4,0.18565327,0,60.66313
6714,0,492.66904,19.58616,1089.1295,44.072525,4.9826596E-4,0.18352419,0,60.454636
6731,0,492.3619,19.573553,1090.3014,44.120632,2.7069572E-4,0.18257843,0,60.52664
6747,0,490.30713,19.489199,1091.47,44.16861,5.463212E-4,0.1821489,0,60.416306
6767,0,487.6381,19.379627,1092.6321,44.216316,4.946414E-4,0.1815572,0,60.358624
6780,0,485.07382,19.274357,1093.7888,44.2638,2.274504E-4,0.17927405,0,60.470764
6800,0,485.07382,19.274357,1094.9427,44.311172,1.7240942E-4,0.17889866,0,60.531002
6813,0,485.07382,19.274357,1096.0955,44.358498,1.7435988E-4,0.17824735,0,60.460907
6830,0,485.07382,19.274357,1097.249,44.405853,1.7399417E-4,0.1767411,0,60.379898
6847,0,485.07382,19.274357,1098.4027,44.453217,1.5371937E-4,0.17551018,0,60.38498
6864,0,485.07382,19.274357,1099.5562,44.50057,2.9212248E-4,0.17511003,0,60.20184
6880,0,485.07382,19.274357,1100.709,44.547894,2.6617193E-4,0.17375122,0,60.290802
6897,0,485.07382,19.274357,1101.8627,44.595257,2.535343E-4,0.17174463,0,60.24405
6914,0,485.07382,19.274357,1103.0161,44.64261,2.0182956E-4,0.17059882,0,60.060795
6931,0,485.07382,19.274357,1104.1709,44.690018,2.1152421E-4,0.17009246,0,60.067192
6948,0,485.07382,19.274357,1105.3243,44.737366,1.6478839E-4,0.16875882,0,60.20933
6964,0,485.07382,19.274357,1106.4791,44.78478,2.1318434E-4,0.16689658,0,59.990646
6984,0,485.07382,19.274357,1107.6317,44.832092,2.041101E-4,0.16670868,0,59.917953
7000,0,485.07382,19.274357,1108.7852,44.879444,1.5169493E-4,0.16477762,0,60.01088
7014,0,485.07382,19.274357,1109.9396,44.926838,1.9572483E-4,0.16349065,0,59.953587
7030,0,485.07382,19.274357,1111.0944,44.974243,1.8746922E-4,0.16222464,0,60.21014
7047,0,485.07382,19.274357,1112.2491,45.021652,1.814184E-4,0.16004132,0,60.2083
7063,0,485.07382,19.274357,1113.4036,45.069042,2.1168793E-4,0.1597991,0,60.20036
7080,0,485.07382,19.274357,1114.5582,45.116447,2.060124E-4,0.15846905,0,60.103382
7097,0,485.07382,19.274357,1115.7124,45.163826,1.8858205E-4,0.15658228,0,60.127853
7114,0,485.07382,19.274357,1116.8663,45.211197,1.6621564E-4,0.15467098,0,60.07277
7130,0,485.07382,19.274357,1118.0195,45.258545,1.7040934E-4,0.15433969,0,60.08371
7148,0,485.07382,19.274357,1119.173,45.305893,1.6962302E-4,0.15312001,0,59.959835
7165,0,485.07382,19.274357,1120.3279,45.353306,1.6566027E-4,0.15268914,0,59.852932
7185,0,485.07382,19.274357,1121.482,45.400684,1.6640329E-4,0.15165569,0,59.764454
7199,0,485.07382,19.274357,1122.6361,45.448067,1.6233129E-4,0.15107471,0,59.87259
7215,0,485.07382,19.274357,1123.789,45.49539,1.6309478E-4,0.15022615,0,59.73151
7230,0,485.07382,19.274357,1124.9437,45.542797,1.5628147E-4,0.14882156,0,60.141212
7247,0,485.07382,19.274357,1126.098,45.590187,1.5755897E-4,0.14873639,0,60.148045
7264,0,485.07382,19.274357,1127.2518,45.637554,1.6704274E-4,0.14853653,0,59.998844
7281,0,485.07382,19.274357,1128.4044,45.684868,2.5014815E-4,0.14718305,0,59.982235
7297,0,485.07382,19.274357,1129.5575,45.73221,2.345659E-4,0.14709026,0,60.227524
7314,0,485.07382,19.274357,1130.7113,45.779575,2.766357E-4,0.14689949,0,60.070503
7330,0,485.07382,19.274357,1131.8652,45.826946,1.6718512E-4,0.14571443,0,60.205322
7348,0,485.07382,19.274357,1133.0189,45.874306,1.3364592E-4,0.14480932,0,60.07151
7364,0,485.07382,19.274357,1134.1735,45.921707,1.3993453E-4,0.14274749,0,60.03401
7381,0,485.07382,19.274357,1135.3264,45.969036,1.4951268E-4,0.14222665,0,59.949303
7397,0,485.07382,19.274357,1136.4797,46.016384,1.5831743E-4,0.14130272,0,60.132492
7417,0,485.07382,19.274357,1137.6333,46.063744,1.5666653E-4,0.14123887,0,59.80954
7430,0,480.66666,19.09343,1138.782,46.110897,3.1196032E-4,0.14087443,0,60.087593
7448,0,477.3881,18.958836,1139.9202,46.157623,5.8524753E-4,0.13919413,0,59.859047
7465,0,472.98572,18.778107,1141.0507,46.204037,5.340062E-4,0.13851619,0,59.908916
7485,0,466.52618,18.512924,1142.1693,46.249954,6.696894E-4,0.13686088,0,59.782196
7498,0,466.62857,18.517128,1143.28,46.295555,3.8187287E-4,0.13475698,0,59.896675
7519,0,466.32144,18.504519,1144.39,46.341125,4.3583848E-4,0.13272157,0,59.82543
7533,0,466.32144,18.504519,1145.499,46.38665,1.42662E-4,0.13254015,0,60.087288
7548,0,466.32144,18.504519,1146.6088,46.43221,1.9763259E-4,0.13122034,0,60.156998
7567,0,466.32144,18.504519,1147.7173,46.477715,1.8732561E-4,0.13101585,0,60.104095
7580,0,466.62857,18.517128,1148.8274,46.52329,3.903091E-4,0.13052532,0,60.294083
7600,0,465.09286,18.454082,1149.9374,46.568855,0.0011481582,0.12972939,0,60.118347
7615,0,461.6024,18.31079,1151.0393,46.614094,0.0010060616,0.1288795,0,59.842163
7631,0,463.1381,18.373835,1152.1395,46.659264,0.0010327047,0.12695304,0,59.89936
7648,0,462.83096,18.361225,1153.2404,46.704453,1.1989311E-4,0.12644428,0,60.08351
7668,0,462.1143,18.331804,1154.3411,46.74964,2.910453E-4,0.12560026,0,59.930904
7680,0,460.9881,18.28557,1155.4384,46.794685,2.837853E-4,0.12404052,0,60.354687
7699,0,460.9881,18.28557,1156.5354,46.839725,1.4567457E-4,0.12383979,0,59.93567
7715,0,460.9881,18.28557,1157.6328,46.884777,1.7157034E-4,0.12217065,0,59.68434
7731,0,460.9881,18.28557,1158.7294,46.92979,1.4542564E-4,0.121719055,0,59.99093
7749,0,460.9881,18.28557,1159.8267,46.97484,1.7541749E-4,0.12083206,0,59.973892
7768,0,460.9881,18.28557,1160.9233,47.019863,1.981663E-4,0.12030038,0,59.906456
7781,0,460.9881,18.28557,1162.0187,47.06483,1.939009E-4,0.11972207,0,59.972286
7801,0,460.9881,18.28557,1163.1155,47.109856,1.7619334E-4,0.11851119,0,59.896923
7817,0,460.9881,18.28557,1164.2128,47.154903,1.6582113E-4,0.11826776,0,60.0737
7830,0,460.9881,18.28557,1165.3092,47.199917,1.6776592E-4,0.11740669,0,60.42573
7848,0,460.9881,18.28557,1166.4064,47.244953,1.3160528E-4,0.11719939,0,60.106785
7867,0,460.9881,18.28557,1167.5039,47.290012,1.6139602E-4,0.11712602,0,59.10033
7883,0,460.9881,18.28557,1168.6005,47.33503,1.5581025E-4,0.11653758,0,59.73223
7902,0,460.9881,18.28557,1169.698,47.38009,1.6339778E-4,0.11515161,0,59.829643
7914,0,460.9881,18.28557,1170.7936,47.42506,1.6197513E-4,0.11451237,0,60.362698
7934,0,460.9881,18.28557,1171.8894,47.47005,1.6224186E-4,0.113255545,0,60.221012
7951,0,460.9881,18.28557,1172.9855,47.51505,1.7000144E-4,0.11272675,0,60.472298
7965,0,460.9881,18.28557,1174.0823,47.560074,1.6854651E-4,0.11240871,0,60.427193
7983,0,458.83334,18.197111,1175.1757,47.604958,2.4049205E-4,0.11237492,0,59.773716
7998,0,458.83334,18.197111,1176.2676,47.649784,1.7471352E-4,0.11112403,0,60.233967
8016,0,458.83334,18.197111,1177.3577,47.694534,1.87047E-4,0.109601766,0,59.93098
8033,0,458.83334,18.197111,1178.4489,47.739334,2.1190995E-4,0.108322926,0,60.039707
8049,0,458.83334,18.197111,1179.5411,47.784176,1.9792587E-4,0.10712756,0,60.38599
8064,0,458.83334,18.197111,1180.6335,47.82902,2.0054787E-4,0.10585233,0,60.418446
8081,0,458.83334,18.197111,1181.724,47.873787,1.494624E-4,0.103757404,0,60.625713
8098,0,457.39523,18.138075,1182.8105,47.918392,4.3992052E-4,0.102557875,0,60.368187
8115,0,457.80475,18.154886,1183.8983,47.963047,3.8545963E-4,0.100552626,0,60.20777
8131,0,456.5762,18.10445,1184.9858,48.007694,5.334135E-4,0.1000543,0,60.480057
8148,0,453.70715,17.986668,1186.0692,48.052174,3.6195008E-4,0.09965912,0,60.47195
8164,0,451.21906,17.884525,1187.1436,48.096275,3.9409945E-4,0.097284734,0,60.36922
8180,0,452.85715,17.951773,1188.2184,48.1404,5.306836E-4,0.09695465,0,60.338367
8199,0,452.85715,17.951773,1189.2947,48.18458,1.5150226E-4,0.095300004,0,60.08765
8215,0,452.85715,17.951773,1190.3716,48.228794,1.4586508E-4,0.09405365,0,59.897835
8231,0,452.85715,17.951773,1191.449,48.273026,1.4692204E-4,0.09355088,0,59.96522
8249,0,452.85715,17.951773,1192.526,48.317238,1.571009E-4,0.0924652,0,59.998287
8265,0,452.85715,17.951773,1193.6031,48.36146,1.6486368E-4,0.091204695,0,59.837166
8281,0,452.85715,17.951773,1194.6799,48.405663,1.6340817E-4,0.09076526,0,60.186695
8298,0,452.85715,17.951773,1195.7566,48.449863,1.2345595E-4,0.08855808,0,60.16417
8316,0,452.85715,17.951773,1196.8347,48.49412,1.6128173E-4,0.0862253,0,59.796906
8334,0,452.85715,17.951773,1197.9122,48.53836,1.541894E-4,0.08607948,0,60.145164
8348,0,452.85715,17.951773,1198.9901,48.582607,1.5551921E-4,0.084236145,0,60.124214
8367,0,452.85715,17.951773,1200.0662,48.626785,1.5271797E-4,0.08273195,0,60.19973
8382,0,452.85715,17.951773,1201.1438,48.671024,1.532432E-4,0.08039123,0,60.243168
8398,0,452.85715,17.951773,1202.2206,48.71523,1.5328029E-4,0.07820695,0,60.067226
8414,0,452.85715,17.951773,1203.2983,48.75947,1.4999848E-4,0.07795466,0,60.195545
8430,0,452.85715,17.951773,1204.3748,48.803665,1.506138E-4,0.076005824,0,60.270515
8453,0,452.85715,17.951773,1205.452,48.84789,1.3518677E-4,0.07372402,0,60.02822
8466,0,452.85715,17.951773,1206.5284,48.89208,1.6253119E-4,0.07166196,0,59.801704
8483,0,452.85715,17.951773,1207.6045,48.936256,1.5740411E-4,0.06985408,0,59.885082
8499,0,452.85715,17.951773,1208.6816,48.980473,1.0007846E-4,0.0691289,0,59.9362
8514,0,452.85715,17.951773,1209.759,49.024704,1.3695352E-4,0.06794387,0,60.12416
8534,0,452.85715,17.951773,1210.8353,49.068886,1.3003945E-4,0.067199245,0,59.952766
8548,0,452.85715,17.951773,1211.9122,49.1131,1.5471864E-4,0.065481216,0,59.9607
8565,0,452.85715,17.951773,1212.9886,49.15729,1.4604755E-4,0.06363229,0,60.212124
8582,0,452.85715,17.951773,1214.0664,49.201534,1.4767337E-4,0.061744064,0,60.063797
8599,0,452.85715,17.951773,1215.1422,49.2457,1.373393E-4,0.059429314,0,59.97016
8615,0,452.85715,17.951773,1216.2189,49.289898,1.4095636E-4,0.0577948,0,60.038776
8631,0,452.85715,17.951773,1217.2947,49.334064,1.4027816E-4,0.05648944,0,60.202374
8649,0,452.85715,17.951773,1218.3715,49.378265,1.7312192E-4,0.055011194,0,59.80622
