elapsedTime,eventRecognized,frq_rt, col_rt, frq_m, col_m, amp_rt, amp_m, total, framerate;
9950,0,0.6852823,0.0028065178,3884.8203,159.07437,0.006852823,0.006852823,0,59.89557
9966,0,0.68545437,0.002813565,3880.565,158.9001,0.0068545435,0.0068545435,0,60.15601
9983,0,0.6859898,0.002835493,3883.5955,159.0242,0.0068598976,0.0068598976,0,59.906277
10000,0,0.6868686,0.002871484,3888.5698,159.22794,0.006868686,0.006868686,0,59.928947
10017,0,0.68805635,0.002920127,3895.293,159.50327,0.006880563,0.006880563,0,59.931515
10033,0,0.68945026,0.0029772136,3903.1829,159.8264,0.0068945023,0.0068945023,0,60.09122
10049,0,0.6911845,0.0030482386,3912.9993,160.22842,0.006911845,0.006911845,0,60.229385
10067,0,0.6930095,0.003122979,3923.329,160.65147,0.0069300947,0.0069300947,0,60.048756
10082,0,0.6949226,0.0032013296,3934.1582,161.09497,0.006949226,0.006949226,0,60.199745
10103,0,0.6968768,0.0032813624,3945.2195,161.54797,0.0069687683,0.0069687683,0,59.874718
10116,0,0.6987302,0.0033572647,3955.71,161.9776,0.0069873016,0.0069873016,0,60.10876
10133,0,0.7007235,0.003438901,3966.993,162.43968,0.007007235,0.007007235,0,60.023197
10150,0,0.70249826,0.0035115834,3977.0383,162.85109,0.0070249825,0.0070249825,0,59.95203
10166,0,0.70399797,0.003573003,3985.5273,163.19875,0.0070399796,0.0070399796,0,60.052753
10182,0,0.7045406,0.0035952264,3988.5989,163.32454,0.007045406,0.007045406,0,60.106865
10200,0,0.70402503,0.003574111,3985.6804,163.20502,0.00704025,0.00704025,0,60.031315
10220,0,0.70275414,0.003522063,3978.4868,162.9104,0.0070275413,0.0070275413,0,59.601025
10234,0,0.700599,0.0034338015,3966.288,162.41083,0.00700599,0.00700599,0,59.877235
10250,0,0.6978625,0.00332173,3950.7986,161.77646,0.006978625,0.006978625,0,59.95695
10267,0,0.6949521,0.0032025357,3934.3247,161.10178,0.0069495207,0.0069495207,0,60.06069
10282,0,0.69222504,0.0030908524,3918.889,160.46964,0.00692225,0.00692225,0,60.234764
10300,0,0.6896878,0.0029869413,3904.5273,159.88145,0.0068968777,0.0068968777,0,60.10115
10316,0,0.6877026,0.0029056391,3893.2905,159.42126,0.0068770256,0.0068770256,0,60.138798
10333,0,0.6863858,0.0028517116,3885.8372,159.11603,0.006863858,0.006863858,0,60.132484
10350,0,0.68615496,0.0028422573,3884.5305,159.0625,0.0068615493,0.0068615493,0,60.138683
10369,0,0.6871056,0.0028811896,3889.9114,159.28288,0.006871056,0.006871056,0,59.85823
10382,0,0.68840766,0.0029345145,3897.2815,159.5847,0.0068840766,0.0068840766,0,59.89925
10401,0,0.69004184,0.0030014412,3906.5312,159.96353,0.006900418,0.006900418,0,59.987347
10416,0,0.69151115,0.0030616156,3914.8481,160.30414,0.0069151116,0.0069151116,0,60.116554
10433,0,0.6932548,0.0031330264,3924.7178,160.70833,0.0069325482,0.0069325482,0,59.960903
10449,0,0.6946418,0.0031898299,3932.5686,161.02988,0.006946418,0.006946418,0,60.129417
10468,0,0.6959553,0.0032436212,3940.0032,161.33434,0.0069595524,0.0069595524,0,59.87232
10486,0,0.6970009,0.0032864446,3945.9219,161.57674,0.006970009,0.006970009,0,59.44611
10501,0,0.6970972,0.0032903869,3946.4668,161.59904,0.006970972,0.006970972,0,59.51357
10518,0,0.69701546,0.0032870402,3946.0042,161.58011,0.0069701546,0.0069701546,0,59.783287
10533,0,0.6959696,0.003244207,3940.0842,161.33766,0.006959696,0.006959696,0,60.158566
10549,0,0.6941879,0.0031712388,3929.9993,160.92464,0.0069418787,0.0069418787,0,60.24988
10566,0,0.6918262,0.003074519,3916.6316,160.37717,0.006918262,0.006918262,0,60.149277
10583,0,0.6882516,0.002928124,3896.3982,159.54852,0.006882516,0.006882516,0,60.033394
10600,0,0.6851657,0.0028060416,3878.931,158.83318,0.006851657,0.006851657,0,60.151623
10616,0,0.681999,0.0027930709,3861.0063,158.09914,0.00681999,0.00681999,0,60.10302
10633,0,0.6789956,0.0027807693,3844.005,157.40291,0.006789956,0.006789956,0,60.067757
10650,0,0.676476,0.00277045,3829.7422,156.81882,0.00676476,0.00676476,0,60.15719
10666,0,0.6737781,0.0027593982,3814.471,156.19344,0.006737781,0.006737781,0,60.066116
10683,0,0.6718914,0.0027516715,3803.7903,155.75604,0.0067189136,0.0067189136,0,60.043858
10700,0,0.6701381,0.0027444893,3793.8657,155.34962,0.006701381,0.006701381,0,60.05974
10717,0,0.6688635,0.0027392698,3786.6504,155.05414,0.0066886344,0.0066886344,0,60.032852
10737,0,0.66815245,0.0027363575,3782.6252,154.88931,0.006681524,0.006681524,0,59.77243
10751,0,0.667563,0.0027339428,3779.2888,154.75267,0.00667563,0.00667563,0,59.74887
10768,0,0.6677459,0.0027414318,3780.3235,154.79504,0.0066774585,0.0066774585,0,59.882004
10784,0,0.66814977,0.0027579723,3782.6096,154.88867,0.0066814977,0.0066814977,0,59.926277
10801,0,0.66875345,0.0027826955,3786.0266,155.02861,0.0066875345,0.0066875345,0,59.886795
10817,0,0.6687865,0.0027840503,3786.2139,155.03627,0.006687865,0.006687865,0,60.016716
10833,0,0.66815466,0.0027581726,3782.6372,154.8898,0.0066815466,0.0066815466,0,59.981873
10850,0,0.66725785,0.002732693,3777.561,154.68192,0.0066725784,0.0066725784,0,60.06631
10870,0,0.66590667,0.0027271584,3769.9126,154.3687,0.0066590663,0.0066590663,0,59.915943
10886,0,0.6644023,0.0027209967,3761.3972,154.01999,0.006644023,0.006644023,0,59.974045
10900,0,0.6629197,0.0027149252,3753.0044,153.67628,0.006629197,0.006629197,0,60.10416
10916,0,0.6614744,0.002709005,3744.823,153.34125,0.0066147437,0.0066147437,0,60.119217
10933,0,0.66029966,0.0027041933,3738.173,153.06892,0.0066029965,0.0066029965,0,60.0756
10949,0,0.65928954,0.0027000578,3732.4556,152.8348,0.0065928954,0.0065928954,0,60.094746
10970,0,0.6586091,0.00269727,3728.6033,152.67702,0.0065860907,0.0065860907,0,59.83337
10984,0,0.65856403,0.0026970843,3728.3481,152.66658,0.0065856404,0.0065856404,0,59.73767
11000,0,0.65895563,0.0027131222,3730.5645,152.75734,0.006589556,0.006589556,0,59.94116
11017,0,0.6596302,0.0027407475,3734.3826,152.91371,0.0065963017,0.0065963017,0,59.98612
11034,0,0.66026556,0.002766769,3737.9792,153.06102,0.0066026556,0.0066026556,0,60.004494
11050,0,0.660874,0.0027916874,3741.423,153.20204,0.00660874,0.00660874,0,60.31571
11067,0,0.6618145,0.0028302046,3746.7468,153.42007,0.006618145,0.006618145,0,60.094788
11087,0,0.6626014,0.0028624313,3751.201,153.6025,0.006626014,0.006626014,0,59.868553
11100,0,0.6631488,0.00288485,3754.2993,153.72939,0.006631488,0.006631488,0,60.075565
11117,0,0.66305876,0.0028811616,3753.7896,153.7085,0.0066305874,0.0066305874,0,60.045883
11134,0,0.6621672,0.0028446484,3748.743,153.50182,0.006621672,0.006621672,0,60.077755
11153,0,0.66112936,0.0028021445,3742.8684,153.26123,0.006611293,0.006611293,0,59.855747
11167,0,0.6592409,0.002724805,3732.1792,152.82347,0.0065924088,0.0065924088,0,59.98651
11184,0,0.65664196,0.0026892137,3717.4683,152.22102,0.0065664193,0.0065664193,0,59.94034
11203,0,0.6530438,0.0026744758,3697.101,151.38698,0.006530438,0.006530438,0,59.907227
11217,0,0.6481179,0.002654301,3669.2178,150.24512,0.006481179,0.006481179,0,60.008507
11234,0,0.643022,0.002633428,3640.3716,149.06383,0.00643022,0.00643022,0,59.809017
11251,0,0.63707244,0.0026090594,3606.693,147.68463,0.006370724,0.006370724,0,59.920536
11269,0,0.6306874,0.0025829084,3570.549,146.2045,0.006306874,0.006306874,0,59.788635
11286,0,0.6238894,0.0025550658,3532.0676,144.62866,0.0062388936,0.0062388936,0,60.119926
11300,0,0.6163464,0.0025241717,3489.3691,142.88011,0.006163464,0.006163464,0,60.0996
11317,0,0.6094442,0.0024959021,3450.2974,141.28008,0.0060944417,0.0060944417,0,60.14806
11334,0,0.6027106,0.0024683233,3412.1797,139.71915,0.0060271057,0.0060271057,0,59.980465
11350,0,0.5965681,0.0024431641,3377.4084,138.29524,0.005965681,0.005965681,0,60.078907
11367,0,0.5910756,0.0024206704,3346.316,137.02197,0.005910756,0.005910756,0,60.042282
11384,0,0.58595186,0.002399683,3317.3113,135.83421,0.0058595184,0.0058595184,0,59.93526
11403,0,0.5822883,0.0023846794,3296.572,134.98492,0.005822883,0.005822883,0,59.89448
11417,0,0.57958883,0.002373623,3281.2903,134.35913,0.005795888,0.005795888,0,60.204536
11434,0,0.57806736,0.0023673906,3272.677,134.00642,0.0057806736,0.0057806736,0,60.03569
11450,0,0.57746774,0.0023649344,3269.2825,133.86742,0.0057746773,0.0057746773,0,60.065693
11467,0,0.5776208,0.0023712032,3270.1484,133.90286,0.005776208,0.005776208,0,60.159405
11489,0,0.5789446,0.0024254182,3277.6416,134.20975,0.005789446,0.005789446,0,59.639744
11501,0,0.58084095,0.0025030794,3288.3757,134.64935,0.0058084093,0.0058084093,0,59.719807
11518,0,0.5831619,0.0025981304,3301.5132,135.18736,0.005831619,0.005831619,0,59.876057
11536,0,0.5854687,0.0026926026,3314.5708,135.72212,0.005854687,0.005854687,0,59.98059
11550,0,0.58771354,0.0027845365,3327.2773,136.2425,0.0058771353,0.0058771353,0,60.14412
11567,0,0.58985436,0.0028722105,3339.3953,136.73878,0.0058985436,0.0058985436,0,60.134144
11584,0,0.5915044,0.0029397854,3348.735,137.12126,0.005915044,0.005915044,0,60.08205
11600,0,0.5925481,0.0029825275,3354.6428,137.3632,0.0059254807,0.0059254807,0,60.087418
11617,0,0.59287953,0.0029961022,3356.519,137.44005,0.0059287953,0.0059287953,0,60.040535
11634,0,0.5929308,0.0029982014,3356.809,137.45192,0.005929308,0.005929308,0,60.09975
11650,0,0.59303075,0.003002295,3357.375,137.4751,0.0059303073,0.0059303073,0,60.29293
11670,0,0.5931985,0.0030091642,3358.3245,137.51399,0.0059319846,0.0059319846,0,60.042843
11684,0,0.5933088,0.0030136826,3358.949,137.53957,0.005933088,0.005933088,0,59.9039
11700,0,0.59348243,0.0030207932,3359.9316,137.5798,0.0059348242,0.0059348242,0,60.060658
11717,0,0.5934216,0.0030183007,3359.5872,137.5657,0.0059342156,0.0059342156,0,59.883404
11734,0,0.59312725,0.003006247,3357.9211,137.49748,0.005931272,0.005931272,0,59.973362
11751,0,0.5927151,0.0029893673,3355.5881,137.40193,0.0059271506,0.0059271506,0,59.90399
11770,0,0.59182316,0.00295284,3350.5396,137.19516,0.0059182313,0.0059182313,0,59.87612
11784,0,0.59090155,0.002915097,3345.3228,136.98152,0.0059090154,0.0059090154,0,60.07269
11800,0,0.5893214,0.002850383,3336.3784,136.61522,0.0058932137,0.0058932137,0,60.123695
11817,0,0.5872422,0.0027652327,3324.6094,136.13324,0.005872422,0.005872422,0,60.088253
11834,0,0.5850042,0.0026735798,3311.9414,135.61444,0.0058500418,0.0058500418,0,60.06852
11854,0,0.58163303,0.002535518,3292.8591,134.83295,0.00581633,0.00581633,0,59.841125
11867,0,0.5780854,0.0023902308,3272.7783,134.01057,0.0057808543,0.0057808543,0,60.0606
11883,0,0.5734325,0.0023484076,3246.441,132.93204,0.005734325,0.005734325,0,60.103546
11900,0,0.56811744,0.0023266391,3216.354,131.69998,0.0056811743,0.0056811743,0,60.217594
11920,0,0.5630572,0.0023059133,3187.7083,130.52692,0.005630572,0.005630572,0,59.834167
11934,0,0.5574439,0.0022829245,3155.9326,129.2257,0.005574439,0.005574439,0,60.255985
11950,0,0.55289155,0.0022642796,3130.1616,128.17038,0.005528915,0.005528915,0,60.251614
11968,0,0.5482211,0.0022451503,3103.7231,127.08771,0.005482211,0.005482211,0,59.891075
11984,0,0.5439181,0.0022275276,3079.364,126.09021,0.0054391804,0.0054391804,0,59.79852
12001,0,0.54124415,0.002216575,3064.2263,125.47032,0.005412441,0.005412441,0,60.064095
12018,0,0.53878427,0.0022065002,3050.3013,124.900085,0.0053878427,0.0053878427,0,59.917446
12034,0,0.53828007,0.002204436,3047.446,124.78316,0.0053828005,0.0053828005,0,60.05464
12054,0,0.5378293,0.0022025893,3044.8943,124.67866,0.005378293,0.005378293,0,59.938515
12068,0,0.53691447,0.0021988421,3039.7158,124.46661,0.0053691445,0.0053691445,0,60.10081
12084,0,0.5369759,0.0022013586,3040.0627,124.48083,0.005369759,0.005369759,0,60.03026
12103,0,0.5359885,0.0021950498,3034.4736,124.251945,0.005359885,0.005359885,0,60.063553
12117,0,0.5360212,0.0021963872,3034.6582,124.25951,0.0053602117,0.0053602117,0,60.02672
12134,0,0.5354582,0.0021928782,3031.4714,124.129005,0.005354582,0.005354582,0,60.01273
12151,0,0.5344271,0.0021886548,3025.6348,123.88999,0.0053442707,0.0053442707,0,60.052048
12169,0,0.53461957,0.0021965369,3026.7236,123.934586,0.005346196,0.005346196,0,59.9551
12187,0,0.53364104,0.0021854364,3021.1848,123.70777,0.0053364104,0.0053364104,0,60.060013
12203,0,0.5338426,0.002193692,3022.3257,123.75449,0.005338426,0.005338426,0,60.128685
12218,0,0.5333585,0.002184279,3019.5854,123.64227,0.005333585,0.005333585,0,59.825867
12235,0,0.53243095,0.0021804792,3014.335,123.42725,0.005324309,0.005324309,0,59.765938
12251,0,0.5328306,0.002196846,3016.5967,123.51988,0.005328306,0.005328306,0,59.936203
12271,0,0.5319618,0.0021785584,3011.679,123.318504,0.0053196177,0.0053196177,0,59.86048
12285,0,0.5323083,0.0021927478,3013.64,123.39881,0.0053230827,0.0053230827,0,59.753185
12300,0,0.53174657,0.0021776767,3010.4602,123.26859,0.0053174654,0.0053174654,0,60.216896
12318,0,0.5307028,0.002173402,3004.552,123.02665,0.005307028,0.005307028,0,60.041
12334,0,0.5308185,0.0021781405,3005.2065,123.05347,0.0053081852,0.0053081852,0,60.021935
12351,0,0.529289,0.0021676118,2996.5486,122.69892,0.00529289,0.00529289,0,59.888073
12368,0,0.5286257,0.0021648947,2992.7935,122.545135,0.0052862572,0.0052862572,0,60.084747
12384,0,0.52644855,0.0021559782,2980.4692,122.04046,0.0052644853,0.0052644853,0,60.102432
12404,0,0.5235434,0.00214408,2964.024,121.367035,0.005235434,0.005235434,0,60.04052
12418,0,0.5213739,0.0021351941,2951.7422,120.8641,0.0052137394,0.0052137394,0,59.937355
12435,0,0.51724285,0.002118274,2928.3574,119.906494,0.005172428,0.005172428,0,59.939083
12451,0,0.51374626,0.0021039543,2908.5632,119.09593,0.0051374626,0.0051374626,0,59.99667
12468,0,0.5086094,0.0020829148,2879.4844,117.90516,0.005086094,0.005086094,0,59.813778
12485,0,0.50352824,0.002062105,2850.7197,116.727264,0.005035282,0.005035282,0,59.796944
12502,0,0.4996773,0.002046333,2828.9192,115.83454,0.004996773,0.004996773,0,59.90267
12518,0,0.49458343,0.0020254706,2800.0837,114.65375,0.004945834,0.004945834,0,59.857933
12534,0,0.49062946,0.002009277,2777.6997,113.73712,0.0049062944,0.0049062944,0,60.081985
12551,0,0.485155,0.001986855,2746.7092,112.468094,0.00485155,0.00485155,0,60.288147
12568,0,0.47959077,0.0019640666,2715.2102,111.17823,0.0047959075,0.0047959075,0,60.054977
12584,0,0.47478712,0.0019443935,2688.016,110.06465,0.004747871,0.004747871,0,60.27494
12601,0,0.46855304,0.0019188604,2652.7258,108.619545,0.0046855304,0.0046855304,0,60.04284
12618,0,0.4631095,0.0018965666,2621.909,107.35761,0.0046310946,0.0046310946,0,60.040134
12634,0,0.45583603,0.0018667773,2580.7346,105.67157,0.00455836,0.00455836,0,60.240585
12651,0,0.44834095,0.0018360812,2538.3042,103.934074,0.004483409,0.004483409,0,60.04739
12668,0,0.44153267,0.0018081974,2499.7617,102.355804,0.0044153268,0.0044153268,0,59.876854
12687,0,0.43443805,0.001779142,2459.5986,100.71118,0.0043443805,0.0043443805,0,60.238205
12703,0,0.42928305,0.0017580285,2430.414,99.516106,0.0042928304,0.0042928304,0,60.102283
12717,0,0.42362088,0.0017348392,2398.36,98.203545,0.0042362087,0.0042362087,0,60.22525
12735,0,0.4188966,0.001715491,2371.6147,97.10836,0.0041889655,0.0041889655,0,59.873898
12751,0,0.41571054,0.001702442,2353.5774,96.36976,0.0041571055,0.0041571055,0,59.934406
12769,0,0.4121105,0.0016876989,2333.1973,95.535225,0.004121105,0.004121105,0,59.77517
12785,0,0.409814,0.0016782932,2320.1956,95.002815,0.0040981397,0.0040981397,0,59.803585
12804,0,0.40667528,0.0016654385,2302.4272,94.27524,0.0040667527,0.0040667527,0,59.88775
12818,0,0.40371826,0.0016533281,2285.6868,93.58974,0.0040371823,0.0040371823,0,60.00488
12834,0,0.40162513,0.0016447562,2273.8367,93.10449,0.0040162513,0.0040162513,0,60.141994
12851,0,0.39848483,0.0016318952,2256.0593,92.37654,0.003984848,0.003984848,0,60.014256
12868,0,0.39606714,0.001621993,2242.372,91.81608,0.0039606714,0.0039606714,0,59.965843
12885,0,0.3929454,0.0016092076,2224.6997,91.092415,0.003929454,0.003929454,0,60.11455
12901,0,0.39036053,0.001598622,2210.066,90.493195,0.0039036053,0.0039036053,0,59.95496
12920,0,0.38925895,0.0015941107,2203.8289,90.23779,0.0038925894,0.0038925894,0,59.838867
12934,0,0.38778323,0.0015880666,2195.4746,89.8957,0.0038778323,0.0038778323,0,60.17357
12954,0,0.38760003,0.0015873159,2194.4368,89.8532,0.0038760002,0.0038760002,0,59.955414
12968,0,0.38733125,0.0015862151,2192.9153,89.7909,0.0038733124,0.0038733124,0,59.896072
12986,0,0.38734728,0.0015868717,2193.0059,89.79462,0.0038734728,0.0038734728,0,59.74491
13002,0,0.38867703,0.0016413281,2200.533,90.10286,0.0038867702,0.0038867702,0,59.833412
13028,0,0.38949752,0.001674929,2205.1775,90.293076,0.0038949752,0.0038949752,0,58.910713
13039,0,0.3912537,0.0017468494,2215.1187,90.70018,0.003912537,0.003912537,0,58.89996
13055,0,0.3929594,0.001816701,2224.7737,91.09558,0.0039295936,0.0039295936,0,59.238358
13072,0,0.39463103,0.0018851588,2234.2363,91.4831,0.0039463104,0.0039463104,0,59.376266
13087,0,0.3972078,0.0019906836,2248.8223,92.08043,0.0039720777,0.0039720777,0,59.560493
13104,0,0.3989564,0.0020622928,2258.7205,92.48579,0.003989564,0.003989564,0,59.765892
13121,0,0.40100965,0.0021463789,2270.343,92.961754,0.004010096,0.004010096,0,59.781105
13136,0,0.40271926,0.0022163913,2280.0205,93.35807,0.0040271925,0.0040271925,0,60.060966
13153,0,0.40399775,0.0022687486,2287.2576,93.65445,0.004039977,0.004039977,0,60.205013
13169,0,0.40559918,0.002334331,2296.3225,94.02568,0.004055992,0.004055992,0,60.135918
13187,0,0.4064888,0.0023707633,2301.3584,94.23191,0.0040648878,0.0040648878,0,60.08432
13203,0,0.40746373,0.002410689,2306.8772,94.45792,0.0040746373,0.0040746373,0,60.10136
13219,0,0.40816155,0.0024392663,2310.8271,94.61968,0.0040816152,0.0040816152,0,60.32695
13236,0,0.40857583,0.0024562322,2313.1724,94.71572,0.0040857582,0.0040857582,0,60.5809
13253,0,0.4090407,0.0024752691,2315.8037,94.82348,0.004090407,0.004090407,0,60.25573
13269,0,0.40919137,0.0024814398,2316.6565,94.858406,0.004091914,0.004091914,0,60.271713
13286,0,0.4092691,0.0024846229,2317.0964,94.87642,0.004092691,0.004092691,0,60.35073
13301,0,0.4085104,0.002453552,2312.8018,94.70054,0.004085104,0.004085104,0,60.423252
13323,0,0.40622878,0.0023601148,2299.8865,94.17163,0.0040622875,0.0040622875,0,60.187244
13335,0,0.4025383,0.0022089805,2278.996,93.316124,0.004025383,0.004025383,0,60.219875
13351,0,0.39774185,0.0020125548,2251.8455,92.20423,0.0039774184,0.0039774184,0,60.491253
13368,0,0.3922427,0.0017873509,2220.7168,90.92944,0.003922427,0.003922427,0,60.32754
13385,0,0.38614222,0.0015813464,2186.1846,89.5153,0.0038614222,0.0038614222,0,60.25651
13402,0,0.3800659,0.0015564606,2151.788,88.10682,0.0038006587,0.0038006587,0,60.117844
13418,0,0.3742683,0.0015327162,2118.9663,86.762825,0.0037426827,0.0037426827,0,60.26278
13434,0,0.36934882,0.0015125688,2091.1152,85.62238,0.0036934882,0.0036934882,0,60.531662
13452,0,0.3654592,0.0014966396,2069.0947,84.720695,0.003654592,0.003654592,0,60.16867
13468,0,0.36288324,0.0014860892,2054.5107,84.123505,0.0036288323,0.0036288323,0,60.38914
13488,0,0.36202103,0.0014825582,2049.6282,83.92358,0.00362021,0.00362021,0,59.964058
13503,0,0.36265177,0.0015083882,2053.1982,84.06977,0.0036265175,0.0036265175,0,59.853592
13519,0,0.365256,0.001615038,2067.94,84.67348,0.00365256,0.00365256,0,59.94835
13535,0,0.36902672,0.0017694571,2089.2844,85.547585,0.0036902672,0.0036902672,0,59.99397
13552,0,0.3744574,0.0019918552,2120.0254,86.806496,0.0037445738,0.0037445738,0,60.147575
13568,0,0.38119948,0.002267959,2158.19,88.369415,0.0038119948,0.0038119948,0,60.14175
13585,0,0.38831118,0.0025591992,2198.4465,90.01802,0.0038831118,0.0038831118,0,60.114906
13602,0,0.39600843,0.0028744193,2242.0178,91.80236,0.003960084,0.003960084,0,60.07468
13618,0,0.4028,0.0031525493,2280.4624,93.376755,0.004028,0.004028,0,60.092
13636,0,0.40934226,0.0034204698,2317.4956,94.89335,0.0040934226,0.0040934226,0,60.08261
13652,0,0.41509688,0.0036561345,2350.0706,96.22736,0.0041509685,0.0041509685,0,60.03098
13672,0,0.41892272,0.0038128113,2371.727,97.11425,0.0041892272,0.0041892272,0,59.87884
13686,0,0.4215158,0.0039190035,2386.4055,97.71537,0.004215158,0.004215158,0,60.095566
13702,0,0.4216771,0.00392561,2387.3186,97.752754,0.004216771,0.004216771,0,60.004963
13719,0,0.4201722,0.003863981,2378.8,97.40391,0.004201722,0.004201722,0,60.04809
13736,0,0.41721812,0.003743004,2362.078,96.71909,0.0041721812,0.0041721812,0,59.910576
13753,0,0.41191012,0.0035256294,2332.0312,95.48862,0.004119101,0.004119101,0,59.79775
13772,0,0.40585437,0.0032776329,2297.752,94.0848,0.0040585436,0.0040585436,0,59.847565
13786,0,0.3982733,0.0029671704,2254.8384,92.32739,0.003982733,0.003982733,0,59.88472
13802,0,0.38993236,0.0026255904,2207.6235,90.39384,0.0038993235,0.0038993235,0,60.048965
13819,0,0.38178292,0.0022918521,2161.4927,88.50468,0.003817829,0.003817829,0,60.060234
13835,0,0.37287572,0.0019270823,2111.0723,86.43984,0.0037287571,0.0037287571,0,60.05851
13852,0,0.36537755,0.001620015,2068.628,84.70165,0.0036537754,0.0036537754,0,60.086506
13868,0,0.35821766,0.0014669816,2028.0984,83.04198,0.0035821765,0.0035821765,0,60.144875
13885,0,0.35230774,0.0014427785,1994.642,81.67201,0.0035230774,0.0035230774,0,60.06659
13902,0,0.34839898,0.00142677,1972.5121,80.76584,0.0034839897,0.0034839897,0,59.98259
13919,0,0.34497982,0.0014127669,1953.1549,79.97321,0.003449798,0.003449798,0,60.07017
13935,0,0.3430871,0.0014050165,1942.4386,79.5344,0.003430871,0.003430871,0,60.11313
13952,0,0.34083554,0.0013957954,1929.6921,79.01246,0.0034083554,0.0034083554,0,59.91476
13968,0,0.33937114,0.0013897977,1921.4012,78.67297,0.0033937113,0.0033937113,0,60.170628
13988,0,0.33881542,0.0013875215,1918.2545,78.54412,0.003388154,0.003388154,0,60.107918
14003,0,0.33775997,0.0013831996,1912.2797,78.29946,0.0033775996,0.0033775996,0,59.636284
14020,0,0.3381496,0.0013991559,1914.4845,78.38976,0.003381496,0.003381496,0,59.778843
14037,0,0.33818,0.0014004009,1914.6565,78.3968,0.0033818,0.0033818,0,59.604477
14052,0,0.33924958,0.0014442023,1920.711,78.64475,0.0033924957,0.0033924957,0,60.132114
14069,0,0.34099963,0.0015158706,1930.6174,79.05043,0.0034099962,0.0034099962,0,60.13548
14089,0,0.34229642,0.0015689768,1937.9581,79.35106,0.0034229641,0.0034229641,0,59.915295
14102,0,0.3448695,0.0016743497,1952.5234,79.94753,0.003448695,0.003448695,0,60.066204
14119,0,0.3470244,0.001762598,1964.7217,80.44708,0.0034702441,0.0034702441,0,60.139694
14137,0,0.35026798,0.001895429,1983.0823,81.19898,0.0035026798,0.0035026798,0,59.909603
14153,0,0.35362238,0.002032799,2002.0704,81.976585,0.0035362237,0.0035362237,0,59.903404
14169,0,0.35626486,0.002141014,2017.0286,82.58916,0.0035626485,0.0035626485,0,59.968708
14186,0,0.35980138,0.0022858423,2037.0476,83.40898,0.0035980137,0.0035980137,0,60.14118
14203,0,0.36260974,0.0024008504,2052.9446,84.06,0.0036260975,0.0036260975,0,60.012215
14219,0,0.3663388,0.0025535629,2074.0535,84.924446,0.0036633878,0.0036633878,0,60.063316
14236,0,0.37004814,0.0027054686,2095.0508,85.78433,0.0037004813,0.0037004813,0,59.914543
14253,0,0.372963,0.0028248387,2111.5508,86.460045,0.00372963,0.00372963,0,59.786873
14270,0,0.37669125,0.0029775184,2132.655,87.32431,0.0037669125,0.0037669125,0,59.97882
14286,0,0.3796376,0.0030981773,2149.3333,88.00732,0.0037963758,0.0037963758,0,59.896984
14302,0,0.38345727,0.0032546013,2170.9553,88.892784,0.0038345726,0.0038345726,0,60.13758
14318,0,0.38713008,0.0034050103,2191.7456,89.744194,0.0038713007,0.0038713007,0,60.270397
14335,0,0.389953,0.0035206145,2207.725,90.39858,0.0038995298,0.0038995298,0,60.256927
14353,0,0.39327747,0.003656759,2226.544,91.16926,0.0039327745,0.0039327745,0,60.052227
14369,0,0.3956166,0.003752551,2239.785,91.71151,0.0039561656,0.0039561656,0,60.04967
14386,0,0.39858544,0.0038741317,2256.5906,92.399734,0.0039858543,0.0039858543,0,60.043972
14404,0,0.40118715,0.0039806776,2271.3179,93.002846,0.0040118713,0.0040118713,0,59.932587
14419,0,0.40296006,0.0040532816,2281.3538,93.41384,0.0040296004,0.0040296004,0,60.047768
14436,0,0.40542656,0.0041542905,2295.3157,93.98561,0.0040542656,0.0040542656,0,60.025723
14453,0,0.4073498,0.0042330506,2306.2024,94.43144,0.004073498,0.004073498,0,59.97162
14471,0,0.4102611,0.0043522744,2322.6824,95.10633,0.004102611,0.004102611,0,59.519066
14489,0,0.41316837,0.0044713337,2339.1394,95.78028,0.0041316836,0.0041316836,0,59.941715
14503,0,0.4157503,0.004577069,2353.7546,96.37881,0.0041575027,0.0041575027,0,59.943554
14520,0,0.4193011,0.004722482,2373.8545,97.201935,0.0041930107,0.0041930107,0,60.06992
14537,0,0.42264622,0.004859472,2392.7903,97.9774,0.004226462,0.004226462,0,60.08005
14557,0,0.4272722,0.0050489157,2418.976,99.04977,0.0042727217,0.0042727217,0,59.91075
14569,0,0.4321315,0.005247914,2446.483,100.17622,0.004321315,0.004321315,0,60.342308
14587,0,0.43694746,0.005445138,2473.7444,101.29264,0.0043694745,0.0043694745,0,60.104736
14603,0,0.44263414,0.0056780195,2505.9348,102.61091,0.004426341,0.004426341,0,60.24041
14620,0,0.44803607,0.0058992403,2536.5132,103.86316,0.0044803605,0.0044803605,0,60.039024
14636,0,0.45440942,0.006160242,2572.5906,105.3406,0.004544094,0.004544094,0,60.14145
14653,0,0.46048015,0.0064088516,2606.9548,106.747894,0.0046048015,0.0046048015,0,59.993557
14672,0,0.4660546,0.0066371365,2638.5098,108.04014,0.004660546,0.004660546,0,59.89562
14688,0,0.4717212,0.0068691964,2670.5864,109.35374,0.0047172117,0.0047172117,0,59.820385
14703,0,0.4765771,0.0070680557,2698.074,110.479416,0.004765771,0.004765771,0,59.873844
14720,0,0.4816405,0.0072754123,2726.736,111.65318,0.0048164045,0.0048164045,0,60.030186
14736,0,0.48583174,0.007447053,2750.4612,112.62478,0.0048583173,0.0048583173,0,60.03951
14753,0,0.48916125,0.0075834035,2769.3086,113.39662,0.0048916126,0.0048916126,0,59.850037
14770,0,0.49210545,0.007703975,2785.9746,114.079124,0.0049210545,0.0049210545,0,59.758305
14787,0,0.49421158,0.007790226,2797.8967,114.56736,0.004942116,0.004942116,0,59.928482
14806,0,0.49618804,0.007871165,2809.0847,115.025536,0.0049618804,0.0049618804,0,60.132545
14820,0,0.49740288,0.007920915,2815.9614,115.30715,0.0049740286,0.0049740286,0,60.133545
14836,0,0.49803603,0.007946845,2819.5454,115.453926,0.00498036,0.00498036,0,60.035973
14854,0,0.4984386,0.0079633305,2821.8242,115.54725,0.004984386,0.004984386,0,59.93879
14872,0,0.49849406,0.007965602,2822.1382,115.560104,0.0049849404,0.0049849404,0,59.974773
14886,0,0.498564,0.007968467,2822.5342,115.576324,0.00498564,0.00498564,0,60.114754
14903,0,0.49841487,0.007962359,2821.69,115.541756,0.004984149,0.004984149,0,60.038414
14923,0,0.49821597,0.007954214,2820.5642,115.49564,0.0049821595,0.0049821595,0,60.039284
14937,0,0.49811342,0.0079500135,2819.9836,115.47188,0.004981134,0.004981134,0,59.98984
14953,0,0.4980884,0.007948989,2819.8418,115.466064,0.0049808836,0.0049808836,0,59.909416
14968,0,0.49861932,0.007970732,2822.8472,115.58914,0.004986193,0.004986193,0,60.233147
14987,0,0.50024205,0.008037185,2832.033,115.96532,0.0050024204,0.0050024204,0,59.89232
15004,0,0.5028956,0.008145854,2847.0537,116.58045,0.0050289556,0.0050289556,0,59.754433
15021,0,0.50634396,0.008287072,2866.5737,117.37984,0.0050634397,0.0050634397,0,59.79406
15039,0,0.5102346,0.008446402,2888.5974,118.28175,0.0051023457,0.0051023457,0,59.539642
15054,0,0.5145167,0.008621763,2912.837,119.274414,0.005145167,0.005145167,0,59.81217
15070,0,0.51892436,0.008802266,2937.787,120.29617,0.0051892432,0.0051892432,0,59.869476
15087,0,0.5231797,0.008976532,2961.875,121.28263,0.0052317968,0.0052317968,0,59.979298
15103,0,0.5268296,0.009126003,2982.536,122.12873,0.0052682958,0.0052682958,0,60.209026
15120,0,0.52959055,0.009239069,2998.1646,122.76876,0.0052959053,0.0052959053,0,60.136055
15136,0,0.5313285,0.009310242,3008.0024,123.171646,0.0053132847,0.0053132847,0,60.16139
15156,0,0.5320872,0.009341313,3012.2974,123.34753,0.005320872,0.005320872,0,60.06103
15170,0,0.5316878,0.009324956,3010.0364,123.25494,0.0053168777,0.0053168777,0,60.13253
15187,0,0.52973104,0.009244822,2998.9597,122.80132,0.00529731,0.00529731,0,60.061337
15203,0,0.5264293,0.00910961,2980.2698,122.035934,0.005264293,0.005264293,0,59.976673
15223,0,0.521523,0.008908686,2952.497,120.898575,0.00521523,0.00521523,0,60.026905
15237,0,0.5158169,0.008675011,2920.197,119.57582,0.005158169,0.005158169,0,59.932343
15254,0,0.5093842,0.008411577,2883.7837,118.084625,0.005093842,0.005093842,0,59.673763
15271,0,0.50240743,0.008125863,2844.2905,116.46729,0.005024074,0.005024074,0,59.743397
15287,0,0.4954292,0.007840089,2804.789,114.84962,0.004954292,0.004954292,0,59.99862
15303,0,0.48808762,0.0075394367,2763.231,113.14773,0.0048808763,0.0048808763,0,60.150757
15320,0,0.4816122,0.007274254,2726.576,111.64663,0.004816122,0.004816122,0,60.105064
15337,0,0.4758804,0.007039525,2694.1304,110.31792,0.004758804,0.004758804,0,60.172997
15353,0,0.471108,0.0068440842,2667.1152,109.211586,0.00471108,0.00471108,0,60.05777
15370,0,0.46738544,0.006691638,2646.0432,108.34864,0.0046738544,0.0046738544,0,60.106945
15387,0,0.46395114,0.006550996,2626.6028,107.55251,0.0046395115,0.0046395115,0,60.101776
15403,0,0.46131045,0.0064428537,2611.6548,106.94037,0.0046131043,0.0046131043,0,60.04341
15420,0,0.4590199,0.006349051,2598.6887,106.40938,0.004590199,0.004590199,0,59.94325
15436,0,0.4570635,0.0062689325,2587.6143,105.95586,0.004570635,0.004570635,0,60.10021
15454,0,0.45539376,0.006200553,2578.1626,105.56879,0.0045539374,0.0045539374,0,60.02134
15471,0,0.45380402,0.0061354497,2569.1636,105.20026,0.00453804,0.00453804,0,60.066277
15487,0,0.45287576,0.0060974355,2563.909,104.98507,0.0045287577,0.0045287577,0,59.995983
15505,0,0.45238096,0.0060771722,2561.1082,104.87038,0.0045238095,0.0045238095,0,59.69354
15520,0,0.45209303,0.006065381,2559.4783,104.80363,0.0045209303,0.0045209303,0,59.86862
15537,0,0.45203686,0.006063081,2559.1602,104.790596,0.0045203683,0.0045203683,0,59.94948
15553,0,0.4521346,0.006067084,2559.7136,104.81326,0.004521346,0.004521346,0,60.253582
15570,0,0.4526626,0.0060887057,2562.7024,104.93566,0.004526626,0.004526626,0,60.060497
15587,0,0.45366085,0.0061295866,2568.353,105.16706,0.0045366082,0.0045366082,0,60.09614
15604,0,0.45558548,0.0062084044,2579.2478,105.61323,0.0045558545,0.0045558545,0,59.935287
15620,0,0.4584639,0.006326282,2595.5415,106.28049,0.004584639,0.004584639,0,60.11685
15637,0,0.46233335,0.006484744,2617.445,107.17749,0.0046233335,0.0046233335,0,60.082634
15656,0,0.46701384,0.0066764196,2643.9397,108.2625,0.0046701385,0.0046701385,0,59.930374
15674,0,0.4722482,0.006890778,2673.5696,109.47591,0.004722482,0.004722482,0,60.04803
15687,0,0.477548,0.007107816,2703.5698,110.70448,0.00477548,0.00477548,0,60.101646
15703,0,0.48251083,0.007311055,2731.6628,111.85495,0.004825108,0.004825108,0,60.00119
15721,0,0.4872557,0.007505367,2758.5217,112.95487,0.004872557,0.004872557,0,59.96293
15737,0,0.49134722,0.0076729236,2781.6826,113.903366,0.004913472,0.004913472,0,59.969845
15759,0,0.4945134,0.007802585,2799.605,114.63733,0.004945134,0.004945134,0,59.26275
15771,0,0.49658796,0.007887543,2811.3484,115.11824,0.0049658795,0.0049658795,0,60.037983
15787,0,0.49740148,0.007920858,2815.9536,115.30683,0.0049740146,0.0049740146,0,60.115974
15803,0,0.4972842,0.007916056,2815.2896,115.27964,0.004972842,0.004972842,0,60.226795
15820,0,0.4963514,0.007877855,2810.0093,115.06341,0.004963514,0.004963514,0,60.259205
15836,0,0.49463028,0.007807372,2800.2666,114.66442,0.0049463026,0.0049463026,0,60.21791
15853,0,0.4924122,0.007716537,2787.711,114.15024,0.004924122,0.004924122,0,60.121033
15870,0,0.489906,0.007613903,2773.5244,113.569275,0.00489906,0.00489906,0,60.14663
15887,0,0.4874044,0.007511457,2759.3635,112.98936,0.004874044,0.004874044,0,60.168015
15904,0,0.48487434,0.0074078455,2745.0417,112.40284,0.0048487433,0.0048487433,0,60.09314
15920,0,0.48267245,0.0073176734,2732.5776,111.89241,0.0048267245,0.0048267245,0,60.071426
15937,0,0.48118347,0.0072566965,2724.149,111.54724,0.0048118345,0.0048118345,0,60.0299
15954,0,0.4805839,0.007232143,2720.7551,111.40825,0.004805839,0.004805839,0,60.090874
15970,0,0.4813058,0.0072617065,2724.8416,111.5756,0.004813058,0.004813058,0,60.195442
15988,0,0.48288405,0.007326339,2733.7754,111.94146,0.0048288405,0.0048288405,0,59.979797
16005,0,0.4857174,0.00744237,2749.814,112.59828,0.0048571737,0.0048571737,0,59.77075
16021,0,0.49054152,0.0076399283,2777.1216,113.71658,0.0049054152,0.0049054152,0,59.908882
16039,0,0.49706265,0.007906983,2814.0356,115.228294,0.0049706264,0.0049706264,0,59.70819
16054,0,0.50585747,0.008267149,2863.8198,117.26706,0.0050585745,0.0050585745,0,60.090977
16071,0,0.51556975,0.008664887,2918.7979,119.51853,0.0051556975,0.0051556975,0,59.889217
16087,0,0.5261473,0.00909806,2978.6736,121.970566,0.005261473,0.005261473,0,60.13558
16106,0,0.53723985,0.009552325,3041.4646,124.541985,0.0053723985,0.0053723985,0,60.073967
16121,0,0.5479933,0.009992701,3102.3362,127.034805,0.0054799328,0.0054799328,0,59.929317
16137,0,0.55906475,0.0104461005,3165.0078,129.60135,0.0055906475,0.0055906475,0,60.13243
16156,0,0.56868327,0.010839999,3219.4548,131.83107,0.0056868326,0.0056868326,0,60.3038
16170,0,0.5769096,0.011176885,3266.0212,133.73807,0.005769096,0.005769096,0,60.119728
16187,0,0.5835504,0.01144884,3303.6123,135.2775,0.005835504,0.005835504,0,60.009563
16204,0,0.58831185,0.011643832,3330.5654,136.38127,0.0058831186,0.0058831186,0,59.943478
16220,0,0.59227324,0.011806059,3352.9893,137.29958,0.0059227324,0.0059227324,0,60.216133
16240,0,0.59481776,0.0119102625,3367.393,137.88945,0.0059481775,0.0059481775,0,59.99588
16255,0,0.59646785,0.0119778365,3376.7336,138.27197,0.0059646782,0.0059646782,0,59.88184
16271,0,0.59745455,0.012018244,3382.3188,138.5007,0.005974545,0.005974545,0,60.12835
16287,0,0.597929,0.012037674,3385.0046,138.61069,0.0059792898,0.0059792898,0,59.9424
16304,0,0.59839624,0.012056809,3387.6497,138.71901,0.005983962,0.005983962,0,60.1046
16320,0,0.59818107,0.012047997,3386.4316,138.66911,0.0059818104,0.0059818104,0,60.198498
16338,0,0.5978645,0.012035033,3384.6396,138.59573,0.005978645,0.005978645,0,59.809425
16354,0,0.5977991,0.012032355,3384.2695,138.58058,0.005977991,0.005977991,0,59.996815
16370,0,0.5981072,0.012044973,3386.0134,138.652,0.005981072,0.005981072,0,60.245655
16388,0,0.5991876,0.012089216,3392.1292,138.90245,0.005991876,0.005991876,0,60.059666
16408,0,0.6004679,0.012141649,3399.3767,139.19925,0.006004679,0.006004679,0,59.98047
16423,0,0.6020906,0.0122081,3408.562,139.57541,0.006020906,0.006020906,0,60.00721
16438,0,0.60295564,0.012243526,3413.4587,139.77594,0.006029556,0.006029556,0,59.937775
16454,0,0.6028603,0.01223962,3412.919,139.75385,0.0060286024,0.0060286024,0,60.032356
16474,0,0.60207236,0.0122073535,3408.4587,139.57118,0.0060207234,0.0060207234,0,59.96572
16488,0,0.6002844,0.012134132,3398.3376,139.1567,0.006002844,0.006002844,0,59.6652
16505,0,0.59789073,0.012036107,3384.788,138.60182,0.005978907,0.005978907,0,59.54718
16522,0,0.5952379,0.011927468,3369.7712,137.98685,0.005952379,0.005952379,0,59.853096
16538,0,0.592602,0.011819523,3354.8506,137.37581,0.00592602,0.00592602,0,59.73716
16555,0,0.59009063,0.011716676,3340.6345,136.79364,0.0059009064,0.0059009064,0,59.938683
16571,0,0.5877903,0.011622474,3327.613,136.26038,0.005877903,0.005877903,0,60.035416
16590,0,0.5859933,0.011548881,3317.4407,135.8438,0.005859933,0.005859933,0,60.19949
16605,0,0.5848842,0.011503463,3311.1628,135.58672,0.005848842,0.005848842,0,60.09044
16621,0,0.5845217,0.0114886165,3309.1106,135.50266,0.005845217,0.005845217,0,60.114693
16638,0,0.58427715,0.011478601,3307.7263,135.44597,0.0058427714,0.0058427714,0,60.15223
16655,0,0.58351433,0.011447363,3303.4082,135.26913,0.0058351434,0.0058351434,0,60.06882
16673,0,0.58211887,0.011390216,3295.509,134.94565,0.0058211884,0.0058211884,0,60.331615
16687,0,0.5802564,0.011313944,3284.9663,134.5139,0.005802564,0.005802564,0,60.116383
16705,0,0.5779061,0.011217693,3271.6619,133.96906,0.0057790605,0.0057790605,0,60.037357
16721,0,0.5746887,0.011085933,3253.4492,133.2232,0.0057468866,0.0057468866,0,60.19392
16738,0,0.5711016,0.010939035,3233.1443,132.39168,0.005711016,0.005711016,0,59.82585
16756,0,0.5667117,0.01075926,3208.2947,131.37402,0.005667117,0.005667117,0,59.778538
16771,0,0.5619538,0.010564413,3181.3616,130.27107,0.0056195376,0.0056195376,0,60.060875
16788,0,0.5568356,0.010354811,3152.3892,129.0846,0.005568356,0.005568356,0,59.835003
16804,0,0.5507072,0.010103841,3117.6987,127.66394,0.005507072,0.005507072,0,60.07843
16821,0,0.5444508,0.009847629,3082.2834,126.21361,0.005444508,0.005444508,0,60.153355
16838,0,0.53775346,0.009573358,3044.372,124.66106,0.0053775343,0.0053775343,0,60.020428
16855,0,0.5318745,0.009332601,3011.093,123.29821,0.0053187446,0.0053187446,0,60.024452
16870,0,0.526512,0.009112997,2980.738,122.05511,0.00526512,0.00526512,0,60.251278
16891,0,0.5225279,0.008949838,2958.1853,121.13152,0.0052252784,0.0052252784,0,59.79033
16904,0,0.51905227,0.008807505,2938.511,120.32582,0.0051905224,0.0051905224,0,60.027115
16920,0,0.5162945,0.008694567,2922.9001,119.68652,0.0051629446,0.0051629446,0,60.323456
16938,0,0.51417166,0.0086076325,2910.8835,119.19442,0.0051417165,0.0051417165,0,59.959
16954,0,0.51244587,0.008536958,2901.1145,118.79436,0.0051244586,0.0051244586,0,60.26875
16971,0,0.51156825,0.0085010175,2896.1467,118.59091,0.0051156823,0.0051156823,0,60.238834
16989,0,0.5106158,0.008462015,2890.7554,118.370125,0.005106158,0.005106158,0,59.99252
17007,0,0.51015806,0.008443267,2888.164,118.264,0.0051015806,0.0051015806,0,59.535088
17022,0,0.5094798,0.008415491,2884.3247,118.10677,0.0050947983,0.0050947983,0,60.157787
17040,0,0.50900644,0.008396106,2881.6453,117.99705,0.0050900644,0.0050900644,0,59.839897
17059,0,0.5089839,0.008395184,2881.5176,117.99181,0.005089839,0.005089839,0,60.103252
17071,0,0.50857717,0.008378526,2879.215,117.89753,0.0050857714,0.0050857714,0,60.139446
17089,0,0.5090626,0.008398405,2881.963,118.010056,0.005090626,0.005090626,0,59.97685
17104,0,0.5091123,0.008400441,2882.2444,118.02158,0.005091123,0.005091123,0,60.33338
17124,0,0.5099524,0.008434846,2887.0,118.21634,0.0050995243,0.0050995243,0,60.11197
17138,0,0.51143974,0.008495755,2895.4192,118.56112,0.0051143975,0.0051143975,0,60.06639
17154,0,0.51275194,0.008549492,2902.8472,118.86531,0.0051275194,0.0051275194,0,60.20604
17171,0,0.5156839,0.008669563,2919.4438,119.54498,0.005156839,0.005156839,0,60.120304
17188,0,0.518281,0.008775919,2934.145,120.14702,0.0051828097,0.0051828097,0,60.025906
17205,0,0.52222043,0.008937247,2956.4448,121.06025,0.005222204,0.005222204,0,59.9296
17222,0,0.5269343,0.009130292,2983.1287,122.15301,0.005269343,0.005269343,0,60.19402
17239,0,0.5316484,0.009323343,3009.8135,123.24581,0.005316484,0.005316484,0,59.902206
17255,0,0.5381088,0.009587911,3046.3835,124.74343,0.0053810882,0.0053810882,0,59.780445
17274,0,0.5435659,0.009811391,3077.2744,126.00848,0.005435659,0.005435659,0,60.119934
17288,0,0.54959416,0.01005826,3111.398,127.40591,0.0054959417,0.0054959417,0,59.876823
17305,0,0.5555002,0.010300125,3144.83,128.77502,0.005555002,0.005555002,0,60.07173
17322,0,0.56044316,0.010502549,3172.8105,129.92088,0.0056044315,0.0056044315,0,60.047695
17341,0,0.5660264,0.010731195,3204.415,131.21515,0.005660264,0.005660264,0,59.880985
17358,0,0.5698966,0.010889687,3226.323,132.11234,0.005698966,0.005698966,0,59.789177
17372,0,0.57339144,0.0110328095,3246.1062,132.92249,0.005733914,0.005733914,0,59.90815
17388,0,0.57628447,0.011151285,3262.4827,133.59315,0.0057628443,0.0057628443,0,60.098335
17405,0,0.57752675,0.011202158,3269.5146,133.88112,0.0057752673,0.0057752673,0,60.006664
17421,0,0.578544,0.011243817,3275.2732,134.11694,0.00578544,0.00578544,0,60.115143
17439,0,0.5775252,0.011202095,3269.5059,133.88077,0.005775252,0.005775252,0,60.033318
17456,0,0.5753315,0.011112259,3257.0881,133.37224,0.005753315,0.005753315,0,59.82563
17471,0,0.57235414,0.010990328,3240.2344,132.68204,0.005723541,0.005723541,0,60.39893
17488,0,0.5669824,0.010770345,3209.8267,131.43677,0.005669824,0.005669824,0,60.0896
17505,0,0.56058687,0.010508435,3173.624,129.9542,0.0056058685,0.0056058685,0,59.839237
17522,0,0.5521423,0.010162612,3125.8223,127.99662,0.005521423,0.005521423,0,59.920113
17538,0,0.5420641,0.009749887,3068.773,125.660324,0.0054206406,0.0054206406,0,59.989845
17559,0,0.5321149,0.009342448,3012.454,123.35394,0.0053211492,0.0053211492,0,60.11569
17572,0,0.5206026,0.008870993,2947.2869,120.68521,0.0052060257,0.0052060257,0,60.09877
17588,0,0.5089509,0.008393832,2881.3308,117.98417,0.005089509,0.005089509,0,60.033752
17604,0,0.49671054,0.007892563,2812.0422,115.14666,0.004967105,0.004967105,0,60.260086
17622,0,0.48383263,0.0073651853,2739.145,112.16136,0.004838326,0.004838326,0,60.05124
17638,0,0.47258645,0.0069046305,2675.4844,109.55432,0.0047258646,0.0047258646,0,60.044563
17658,0,0.46106094,0.0064326366,2610.2424,106.88253,0.0046106093,0.0046106093,0,59.95285
17672,0,0.4504774,0.0059992177,2550.3328,104.4291,0.0045047738,0.0045047738,0,59.879036
17691,0,0.4409881,0.0056106104,2496.6172,102.229324,0.004409881,0.004409881,0,60.068535
17704,0,0.43215498,0.005248876,2446.616,100.18167,0.0043215496,0.0043215496,0,60.218544
17722,0,0.42594552,0.004994585,2411.4663,98.742226,0.004259455,0.004259455,0,60.042744
17742,0,0.4204287,0.0047686594,2380.2375,97.46333,0.0042042867,0.0042042867,0,59.775486
17756,0,0.4161743,0.0045944327,2356.1548,96.4771,0.004161743,0.004161743,0,59.950794
17772,0,0.4123599,0.0044382247,2334.5627,95.59286,0.004123599,0.004123599,0,59.854107
17790,0,0.40823644,0.004269361,2311.2214,94.63698,0.0040823645,0.0040823645,0,59.850754
17805,0,0.40534675,0.0041510216,2294.864,93.96711,0.0040534674,0.0040534674,0,60.07421
