elapsedTime,eventRecognized,frq_rt, col_rt, frq_m, col_m, amp_rt, amp_m, total, framerate;
20674,0,664.44525,27.198769,974.1561,39.882046,1.12801165E-4,0.0061382763,0,60.04916
20690,0,664.44525,27.198769,964.8102,39.49931,1.090979E-4,0.0061262688,0,60.030357
20707,0,664.44525,27.198769,956.05945,39.14095,1.09792265E-4,0.00611871,0,60.005733
20724,0,664.44525,27.198769,947.7333,38.799976,2.680811E-4,0.0061129755,0,59.994114
20743,0,1983.5143,81.21727,941.42664,38.54171,0.0023538182,0.0061155297,0,59.531544
20758,0,3288.0024,134.63864,938.3358,38.415134,0.0019627425,0.0061246934,0,59.953403
20774,0,3280.2166,134.3198,936.78424,38.351593,6.826319E-4,0.0061298013,0,59.934452
20790,0,3267.769,133.81004,935.2088,38.287075,0.002835967,0.0061390297,0,60.105465
20808,0,3255.0144,133.28772,933.63684,38.2227,0.002432217,0.006152091,0,60.05195
20823,0,3245.2334,132.88716,932.1114,38.160233,5.8061513E-4,0.0061580664,0,60.249325
20840,0,3245.2334,132.88716,930.64667,38.100246,1.2292402E-4,0.0061580352,0,60.204426
20858,0,3245.2334,132.88716,929.1905,38.040615,2.087411E-4,0.0061575044,0,59.997826
20876,0,3245.2334,132.88716,927.76794,37.982357,1.1847739E-4,0.0061571575,0,59.85845
20891,0,3245.2334,132.88716,926.37256,37.925213,1.4642451E-4,0.006155985,0,60.020893
20908,0,3245.2334,132.88716,924.98737,37.86849,1.4118443E-4,0.006154826,0,60.015083
20924,0,3245.2334,132.88716,923.60223,37.811764,1.3524323E-4,0.0061538834,0,60.070744
20940,0,3252.9263,133.20221,922.61957,37.77152,0.0010633837,0.006145913,0,60.152027
20958,0,3265.3286,133.7101,922.7844,37.77827,8.893574E-4,0.0061111087,0,60.000088
20977,0,3313.212,135.67102,924.3962,37.844276,0.0025130261,0.0060616937,0,59.989983
20991,0,3219.5857,131.83684,926.91785,37.947544,0.0021758862,0.0060130777,0,60.04068
21009,0,3143.4072,128.71718,930.01605,38.07442,0.0022391002,0.00598468,0,59.77189
21024,0,2901.1096,118.79462,933.8386,38.230965,9.112634E-4,0.00596426,0,59.88754
21042,0,2737.2476,112.08414,937.4049,38.37701,8.216569E-4,0.0059446325,0,60.02177
21057,0,2554.1118,104.584366,940.39484,38.499454,8.3845813E-4,0.0059282617,0,60.039177
21074,0,2522.3215,103.28249,943.03577,38.607605,4.0864208E-4,0.0058959937,0,59.991756
21094,0,2522.3215,103.28249,945.7506,38.71878,2.7568405E-4,0.0058507435,0,60.08052
21108,0,2522.3215,103.28249,948.50775,38.83169,3.006137E-4,0.0058044204,0,60.019333
21125,0,2522.3215,103.28249,951.4701,38.953007,2.7062377E-4,0.0057682036,0,59.875217
21141,0,2117.75,86.714485,953.88586,39.051937,0.0052621607,0.0057338807,0,59.78333
21158,0,1699.4381,69.58378,954.4463,39.074886,0.0043262476,0.0056475177,0,59.868683
21174,0,1163.1643,47.62231,952.8386,39.009052,0.005906867,0.0055386554,0,60.09705
21194,0,613.8095,25.125137,949.4841,38.871674,0.0042003794,0.005404339,0,59.99508
21208,0,672.1381,27.51381,945.6687,38.715427,0.0045203455,0.0052728294,0,60.048313
21224,0,647.79285,26.516823,942.0639,38.567806,0.0053265756,0.0052096946,0,60.02946
21243,0,618.42145,25.314005,938.86237,38.436695,0.0024124447,0.0051591024,0,59.85276
21258,0,593.7643,24.304245,935.6835,38.30651,0.0029588442,0.0050960435,0,59.922714
21275,0,568.0833,23.252558,932.9146,38.193123,0.0017996947,0.0050149336,0,59.80294
21291,0,554.95953,22.715113,930.2381,38.083515,0.00123545,0.0049520647,0,59.885914
21307,0,552.09283,22.597715,927.7712,37.982487,0.0013412458,0.0049083848,0,60.10411
21327,0,543.3786,22.24085,925.47107,37.888294,8.528327E-4,0.004858608,0,60.072243
21340,0,531.2833,21.745527,923.21265,37.795807,0.0015215093,0.004809932,0,60.261787
21360,0,510.98572,20.9143,920.8636,37.699608,0.0013961324,0.004678701,0,60.021
21375,0,496.73096,20.33054,918.1302,37.58767,0.0016767776,0.004513549,0,59.915977
21390,0,496.30237,20.312988,914.95624,37.45769,0.0016241566,0.004395225,0,60.285614
21408,0,508.47858,20.811628,911.7449,37.32618,0.001634023,0.004290939,0,59.93345
21424,0,505.68332,20.697155,908.42285,37.190136,5.4746994E-4,0.004205408,0,60.23197
21441,0,511.2,20.923077,904.4606,37.027874,0.0012796207,0.004140387,0,60.18624
21458,0,515.5119,21.099653,899.0955,36.808167,0.0011423425,0.0040775095,0,59.92872
21474,0,513.3571,21.011412,892.529,36.539253,7.989616E-4,0.004021368,0,60.200035
21492,0,518.99524,21.242304,885.9528,36.269943,6.75756E-4,0.0039687217,0,59.809494
21508,0,529.0476,21.653969,879.943,36.02383,6.9885707E-4,0.0039042193,0,59.989994
21525,0,561.83093,22.99651,874.4668,35.79957,9.0738107E-4,0.003850849,0,59.80892
21542,0,565.11664,23.131067,870.0329,35.617992,4.625041E-4,0.0038068355,0,60.073017
21558,0,566.45,23.185673,867.0319,35.495094,5.4591853E-4,0.0037390785,0,59.97424
21578,0,567.5762,23.23179,864.85925,35.40612,3.696364E-4,0.003675296,0,59.965908
21591,0,556.5762,22.781319,863.69824,35.358578,0.0010442811,0.003624271,0,60.063698
21607,0,552.8881,22.630283,862.49786,35.309418,9.1778516E-4,0.0035656889,0,60.157326
21624,0,530.8119,21.72622,861.44305,35.26622,0.0015003285,0.0035268948,0,60.160492
21642,0,533.4738,21.83523,860.43677,35.22501,8.0822594E-4,0.0035086002,0,59.990234
21661,0,534.29285,21.86877,859.5899,35.19033,9.379952E-4,0.0034914622,0,59.915066
21674,0,527.4262,21.587568,858.9717,35.165012,4.93953E-4,0.0034572545,0,60.183453
21692,0,504.5595,20.651134,858.40564,35.141834,5.772109E-4,0.0033785505,0,59.97831
21708,0,505.35477,20.6837,857.6609,35.111336,6.9505407E-4,0.0032553852,0,59.883602
21727,0,504.1262,20.633389,856.54034,35.065445,6.7295844E-4,0.0031206722,0,60.052105
21742,0,504.1262,20.633389,855.00214,35.002453,1.9505664E-5,0.0029873527,0,59.89708
21758,0,504.1262,20.633389,853.1023,34.924652,1.4202806E-4,0.0028531954,0,59.85838
21776,0,504.1262,20.633389,850.9372,34.835983,1.6679987E-4,0.0027603442,0,59.87752
21792,0,504.1262,20.633389,848.8238,34.749435,1.8117129E-4,0.0026927798,0,59.75641
21809,0,504.1262,20.633389,846.7655,34.665146,1.7847664E-4,0.0026220991,0,59.96726
21824,0,504.1262,20.633389,844.80975,34.585052,1.3030416E-4,0.0025465775,0,60.17209
21844,0,504.1262,20.633389,842.97144,34.50977,2.0166917E-4,0.002472747,0,60.09201
21858,0,504.1262,20.633389,841.22687,34.438328,1.8828824E-4,0.0024312062,0,60.03904
21875,0,504.1262,20.633389,839.5869,34.37117,4.1656778E-4,0.0024060544,0,60.224228
21892,0,511.00476,20.91508,838.21576,34.315018,9.912405E-4,0.002393097,0,60.008762
21909,0,511.62143,20.940332,836.86414,34.259666,3.223021E-4,0.0023916909,0,59.947285
21924,0,511.72382,20.944525,835.5302,34.20504,4.4772803E-4,0.002390212,0,60.26362
21944,0,511.72382,20.944525,833.9929,34.142082,2.0683823E-4,0.002347856,0,60.211487
21959,0,726.5714,29.74296,832.0118,34.06095,0.004893704,0.002263106,0,59.963875
21975,0,920.81665,37.697685,829.603,33.962307,0.0040149167,0.0021717623,0,59.986526
21995,0,1205.9238,49.373394,827.30164,33.86806,0.01436778,0.0021306481,0,59.763927
22009,0,1472.8214,60.30338,825.8016,33.80663,0.015906274,0.0021435576,0,59.686844
22025,0,1597.7167,65.41809,824.55005,33.75538,0.015617807,0.0021663602,0,59.87703
22043,0,1521.8905,62.312855,823.31024,33.704605,0.008667199,0.0021923883,0,59.74339
22059,0,1398.7262,57.269035,822.0756,33.654045,0.016485011,0.0022423035,0,60.113827
22075,0,1381.0381,56.54467,820.96027,33.60837,0.015019171,0.0022768562,0,60.061623
22092,0,1485.4476,60.82045,820.0441,33.570854,0.02664499,0.0023035347,0,60.04862
22108,0,1707.4952,69.91374,819.91846,33.56571,0.02446515,0.002404186,0,60.03854
22125,0,1955.7667,80.08095,820.565,33.592186,0.02487387,0.0025402545,0,60.120247
22142,0,1963.762,80.40836,821.7188,33.639435,0.03183297,0.0026962059,0,59.84735
22159,0,1882.2928,77.072044,822.7911,33.683346,0.015963092,0.0027994872,0,59.993538
22175,0,1746.8191,71.524124,823.9159,33.729412,0.018938694,0.002861018,0,60.04872
22192,0,1638.9191,67.10541,824.9249,33.77073,0.0045178863,0.002909032,0,60.02631
22208,0,1465.4429,60.001213,825.4099,33.790592,0.006524273,0.0029415484,0,60.03875
22228,0,1335.0571,54.66166,825.7337,33.803852,0.0061480757,0.0029754527,0,60.028305
22245,0,1108.2405,45.37307,825.57666,33.79742,0.015642423,0.0030389903,0,59.931625
22260,0,1078.0428,44.136414,825.1181,33.77864,0.019222585,0.003136408,0,59.752174
22276,0,1096.7572,44.902805,824.5472,33.75526,0.018551305,0.0032402365,0,59.846897
22292,0,1555.5786,63.69245,824.6502,33.759483,0.020341795,0.0033481475,0,59.845886
22311,0,1664.4785,68.152115,825.4595,33.79262,0.021414263,0.0034636126,0,60.049377
22326,0,1717.5905,70.327156,826.41095,33.83159,0.021213176,0.0035809283,0,59.969616
22342,0,1710.231,70.02577,827.3536,33.87019,0.012741953,0.0036708845,0,59.9707
22359,0,1599.0072,65.47093,828.13916,33.902363,0.010045155,0.0037321225,0,60.016975
22375,0,1532.769,62.758354,828.76776,33.9281,0.010550804,0.0037885532,0,60.05642
22393,0,1407.1857,57.615463,829.0503,33.93967,0.007261769,0.0038358492,0,59.98299
22412,0,1293.0834,52.94275,829.0811,33.940933,0.008278321,0.003878544,0,59.723698
22425,0,1175.2858,48.118706,828.8056,33.929653,0.008087717,0.0039230115,0,60.09246
22442,0,1085.0262,44.422398,828.36316,33.911533,0.0049151354,0.0039570783,0,60.067978
22458,0,988.04047,40.450634,827.76245,33.886936,0.0054853074,0.0039853165,0,60.11821
22476,0,865.6286,35.43763,826.9704,33.854496,0.0053784004,0.0040144767,0,59.99704
22492,0,793.43097,32.48099,825.9795,33.81392,0.0053984458,0.0040434343,0,60.03297
22510,0,966.1786,39.555347,824.9233,33.770664,0.0054036872,0.004072442,0,59.785767
22527,0,1248.7643,51.127796,824.49817,33.753254,0.0054027042,0.004101467,0,59.709656
22543,0,2583.6287,105.79314,825.9854,33.814163,0.0022176811,0.0041204174,0,59.787834
22558,0,3980.8237,163.01106,830.8536,34.013523,0.0046251398,0.004139541,0,60.135185
22576,0,5247.4355,214.88132,838.7689,34.33767,0.004173741,0.004162958,0,60.115368
22592,0,5585.4976,228.72563,849.0311,34.757927,0.002125077,0.004178758,0,60.07941
22610,0,5623.952,230.30042,859.42395,35.183537,0.0012073296,0.004186707,0,59.89554
22626,0,5630.2095,230.55667,869.67255,35.603233,0.0013794071,0.00419308,0,60.12662
22642,0,5528.857,226.40608,879.8825,36.02135,9.855983E-4,0.004198678,0,60.044975
22658,0,4507.529,184.58066,888.78485,36.38592,0.010552787,0.0042335116,0,60.12688
22676,0,3355.6523,137.40904,895.07935,36.643696,0.013781336,0.0043013426,0,60.075516
22695,0,2251.1477,92.17738,898.7316,36.793262,0.013175984,0.004374998,0,59.999115
22709,0,1740.6786,71.27266,899.91406,36.841686,0.008512947,0.004432544,0,60.101734
22728,0,1706.738,69.88273,900.9383,36.88363,0.009387267,0.0044818465,0,60.013695
22746,0,1554.9,63.66466,901.5674,36.909393,0.0089632645,0.004531727,0,59.764046
22760,0,1382.869,56.61965,901.9955,36.926926,0.011710203,0.004589241,0,59.72544
22776,0,1271.0,52.038395,902.1732,36.9342,0.011195152,0.004651789,0,59.922237
22793,0,1265.6595,51.81969,902.119,36.93198,0.014512564,0.004723615,0,59.80303
22810,0,1255.2928,51.395153,902.0435,36.928894,0.007607904,0.00478141,0,59.8129
22826,0,1368.8715,56.04642,902.1267,36.932297,0.008902527,0.004826715,0,59.90642
22843,0,1429.8429,58.543327,902.3278,36.940536,0.008659786,0.004874212,0,60.129704
22859,0,1396.8762,57.19327,902.6202,36.952503,7.140003E-4,0.004896115,0,60.139057
22876,0,1340.0215,54.86496,902.8078,36.96019,0.0022038352,0.00490384,0,60.09857
22894,0,1297.1881,53.110847,902.81866,36.960636,0.0017489155,0.0049135997,0,60.070232
22910,0,1284.9928,52.611427,902.81616,36.960533,0.001257242,0.004920821,0,59.787704
22925,0,1261.5691,51.65218,902.7714,36.958702,0.0015714589,0.004927839,0,60.180267
22943,0,1227.0667,50.239235,902.6576,36.95404,0.0015125432,0.0049353647,0,60.06668
22959,0,1153.8119,47.239307,902.4249,36.944508,0.001342353,0.004942192,0,60.048428
22976,0,1139.8452,46.667343,902.0631,36.929695,8.881603E-4,0.0049471566,0,60.082245
22993,0,1125.4976,46.079777,901.68475,36.9142,9.733215E-4,0.004951312,0,60.01915
23010,0,1112.2762,45.53834,901.2703,36.89723,4.753283E-4,0.0049541723,0,59.75276
23027,0,1112.2762,45.53834,900.83905,36.879566,1.3178459E-4,0.0049548093,0,59.751045
23045,0,1112.2762,45.53834,900.4077,36.8619,1.9619902E-4,0.004954827,0,59.306076
23060,0,1112.2762,45.53834,899.97644,36.844242,1.0917864E-4,0.004954723,0,59.732273
23079,0,1112.2762,45.53834,899.55194,36.826855,1.825459E-4,0.004952877,0,59.858902
23093,0,1112.2762,45.53834,899.1705,36.811234,1.6878954E-4,0.0049501676,0,59.931843
23111,0,1112.2762,45.53834,898.787,36.795532,1.9686844E-4,0.0049493834,0,59.80504
23128,0,1112.2762,45.53834,898.4035,36.779827,2.1353873E-4,0.004949392,0,59.82054
23143,0,1112.2762,45.53834,898.0201,36.764122,2.1041307E-4,0.004949124,0,60.088337
23160,0,1112.2762,45.53834,897.6451,36.748768,1.7510763E-4,0.0049435208,0,60.073883
23177,0,1112.2762,45.53834,897.3314,36.73592,1.4280209E-4,0.004921183,0,60.122417
23193,0,1112.2762,45.53834,897.0964,36.726295,1.4885937E-4,0.0048917136,0,59.95455
23210,0,1112.2762,45.53834,897.1566,36.72876,1.4772364E-4,0.004870241,0,59.94846
23226,0,1112.2762,45.53834,897.2161,36.7312,1.9833723E-4,0.0048640366,0,59.970463
23243,0,1112.2762,45.53834,897.27985,36.73381,1.8884719E-4,0.0048637986,0,59.972954
23260,0,1112.2762,45.53834,897.3459,36.73651,1.8261519E-4,0.004862881,0,60.036015
23276,0,1112.2762,45.53834,897.59607,36.74676,1.5286717E-4,0.004837944,0,60.346935
23293,0,1112.2762,45.53834,898.1123,36.7679,1.5844492E-4,0.004799154,0,60.015408
23309,0,1112.2762,45.53834,898.853,36.798233,1.2824385E-4,0.0047302973,0,60.265488
23329,0,1112.2762,45.53834,899.9872,36.84468,1.7044158E-4,0.0046426943,0,60.358955
23343,0,1112.2762,45.53834,901.34875,36.90044,1.6252951E-4,0.0045608096,0,60.09672
23360,0,1112.2762,45.53834,902.87897,36.963104,1.8565806E-4,0.0045203613,0,60.142002
23376,0,1112.2762,45.53834,904.4109,37.02584,1.8908965E-4,0.0045028594,0,60.21392
23393,0,1112.2762,45.53834,905.981,37.09014,1.8844623E-4,0.004489702,0,60.097626
23410,0,1112.2762,45.53834,907.5785,37.15556,1.7152629E-4,0.004486331,0,60.074245
23426,0,1112.2762,45.53834,909.1701,37.220737,1.4819959E-4,0.0044841375,0,60.149727
23442,0,1112.2762,45.53834,910.7588,37.2858,1.5257334E-4,0.0044828793,0,60.120056
23460,0,1112.2762,45.53834,912.3474,37.350857,2.0486355E-4,0.004482911,0,60.097546
23475,0,1112.2762,45.53834,913.9361,37.415916,1.6948229E-4,0.004483033,0,60.290073
23496,0,1112.2762,45.53834,915.52484,37.480976,1.7611627E-4,0.0044830483,0,59.836605
23509,0,1112.2762,45.53834,917.11346,37.546036,1.84686E-4,0.0044831857,0,60.222134
23527,0,1112.2762,45.53834,918.70215,37.611095,1.6636238E-4,0.0044833403,0,59.769012
23545,0,1112.2762,45.53834,920.29083,37.67615,1.6979806E-4,0.0044833687,0,59.86623
23560,0,1112.2762,45.53834,921.8795,37.74121,1.6915388E-4,0.004483361,0,60.032322
23577,0,1091.3595,44.681755,923.4464,37.805378,8.922678E-4,0.004485657,0,60.116188
23593,0,1055.6809,43.220646,924.9494,37.866932,7.5668393E-4,0.0044893394,0,60.09705
23609,0,995.0476,40.73759,926.29474,37.922028,0.001649399,0.0044955206,0,60.113094
23627,0,925.74524,37.899525,927.58466,37.97485,0.011452593,0.004534902,0,60.00162
23646,0,854.3595,34.976135,928.6032,38.01656,0.009614494,0.0045917975,0,59.7716
23660,0,750.00714,30.7027,929.34955,38.047127,0.00724624,0.004636722,0,60.15766
23676,0,623.61426,25.526659,929.9705,38.072556,0.0034564184,0.00466401,0,60.132072
23693,0,564.92145,23.123074,930.3781,38.08925,0.00416701,0.0046845796,0,60.0103
23710,0,488.1476,19.979033,930.49585,38.09407,0.0029701733,0.004703044,0,60.09581
23727,0,367.37143,15.03301,930.46783,38.092922,0.00339829,0.004720026,0,60.104034
23743,0,385.1619,15.761564,930.3007,38.08608,0.0033180178,0.004737694,0,60.071907
23760,0,400.96906,16.4089,930.1756,38.080956,0.0049240002,0.0047602835,0,60.01733
23777,0,442.19287,18.097095,930.1205,38.078697,0.005864161,0.0047896565,0,59.798462
23795,0,550.6214,22.537457,930.2468,38.08387,0.0048191845,0.0048179063,0,59.730568
23811,0,643.84283,26.35506,930.60974,38.098736,0.0050151176,0.0048443805,0,59.51048
23829,0,747.26666,30.590471,931.1936,38.122643,0.013294347,0.004897736,0,59.338383
23845,0,1242.3595,50.865505,932.5007,38.17617,0.020132367,0.004992552,0,59.63939
23861,0,1622.6523,66.439255,934.9488,38.276424,0.018850237,0.0050994675,0,60.097305
23880,0,1701.0548,69.64999,937.8471,38.39512,0.001067616,0.0051468206,0,60.086708
23894,0,1757.5381,71.96309,940.92126,38.52101,0.004401858,0.0051624137,0,60.066452
23914,0,1763.1595,72.1933,944.0217,38.64798,0.0013490767,0.005176246,0,59.932175
23933,0,1690.9762,69.23725,947.11523,38.774666,0.0019214732,0.0051846304,0,59.93293
23944,0,1596.3976,65.36407,949.95764,38.891068,0.0010597372,0.00519152,0,59.89145
23960,0,1595.5691,65.33014,952.6985,39.00331,0.0012213127,0.0051949234,0,60.29563
23977,0,1577.8262,64.60353,955.40216,39.114033,8.2755915E-4,0.0051964186,0,60.304043
23998,0,1569.2072,64.25057,958.06384,39.223034,2.3409238E-4,0.0051952875,0,59.598625
24014,0,1558.95,63.830517,960.6796,39.330154,3.453674E-4,0.005190526,0,60.07497
24028,0,1558.95,63.830517,963.25555,39.435646,1.437228E-4,0.0051849918,0,60.221905
24045,0,1558.95,63.830517,965.82056,39.540688,2.1027286E-4,0.0051800287,0,59.885006
24060,0,1558.95,63.830517,968.3663,39.644936,1.9779472E-4,0.0051750266,0,60.180164
24077,0,1483.0714,60.72314,970.82,39.745422,0.0022627816,0.005178576,0,60.164135
24093,0,1364.0952,55.850826,972.876,39.82962,0.009832878,0.00521219,0,60.487183
24110,0,1245.1548,50.97998,974.83905,39.91001,0.008413484,0.00525977,0,60.264194
24127,0,1148.9381,47.039715,976.4494,39.97596,0.010518601,0.005311715,0,60.272034
24144,0,977.1381,40.00416,977.6987,40.02712,0.0029625152,0.0053449767,0,60.11563
24160,0,829.6405,33.963844,978.6643,40.066666,0.0043792813,0.005360219,0,60.220406
24177,0,741.4548,30.352463,979.4032,40.096924,9.71525E-4,0.0053636935,0,60.183666
24193,0,705.3619,28.874386,979.8957,40.117092,0.0030559746,0.0053539304,0,60.155342
24210,0,666.49524,27.282722,980.29254,40.133343,0.0026651404,0.005341699,0,60.345284
24226,0,633.89526,25.94769,980.6208,40.146786,0.0025105006,0.005335088,0,60.167534
24244,0,629.9976,25.788073,980.9466,40.16013,2.4456007E-4,0.005324005,0,59.773907
24260,0,613.7952,25.124552,981.2636,40.173107,6.6942396E-4,0.005306144,0,60.009857
24277,0,599.02856,24.519827,981.5323,40.184113,2.9485466E-4,0.005287004,0,59.927162
24294,0,599.02856,24.519827,981.7794,40.194237,1.5104507E-4,0.005266722,0,59.94065
24310,0,599.02856,24.519827,982.03064,40.20452,1.7800937E-4,0.005256241,0,60.106884
24327,0,599.02856,24.519827,982.292,40.215225,2.9599297E-4,0.0052553853,0,60.147278
24344,0,565.90717,23.16344,982.5378,40.225292,0.0033366005,0.0052653663,0,60.098976
24361,0,560.5881,22.945612,982.71295,40.232464,0.0027664867,0.005280608,0,60.073975
24380,0,555.88336,22.752945,982.87225,40.238987,0.0030203252,0.0052953577,0,59.9516
24395,0,543.01666,22.22603,983.03015,40.245453,0.0012745492,0.0053051817,0,59.799133
24410,0,531.5833,21.75781,983.14764,40.250263,0.0016018822,0.0053110616,0,60.117672
24427,0,514.1548,21.044079,983.22363,40.253376,0.0018622675,0.005317993,0,60.091885
24446,0,506.36667,20.72514,983.26984,40.25527,8.651954E-4,0.005322414,0,59.999405
24461,0,483.8143,19.801575,983.2803,40.2557,0.0010521464,0.005325768,0,60.070797
24477,0,453.3119,18.552443,983.2051,40.252617,0.001987747,0.005332205,0,60.013924
24494,0,433.6262,17.746273,983.1018,40.248386,0.0029080089,0.005343298,0,60.09153
24514,0,411.45,16.838114,982.9161,40.240784,0.0027354597,0.0053570066,0,59.88717
24528,0,410.52856,16.80038,982.74036,40.233585,3.9075292E-4,0.005363671,0,59.777985
24544,0,410.52856,16.80038,982.56287,40.22632,2.6638224E-4,0.005364483,0,59.88365
24561,0,410.52856,16.80038,982.3853,40.219048,2.8970174E-4,0.0053650695,0,59.922405
24579,0,410.52856,16.80038,982.2079,40.21178,2.4655345E-4,0.0053656395,0,59.832893
24594,0,398.06906,16.290138,982.0184,40.20402,0.0029131388,0.005374182,0,60.005466
24611,0,395.7881,16.196728,981.8058,40.195316,0.0024131539,0.005387238,0,60.09356
24627,0,412.85477,16.895643,981.6038,40.187042,0.012944967,0.00543264,0,60.018944
24643,0,450.12143,18.421785,981.47656,40.18183,0.010970252,0.0054970435,0,60.129154
24661,0,479.50238,19.624994,981.42633,40.179775,0.01134051,0.005558012,0,60.148438
24677,0,505.27142,20.680288,981.443,40.180458,0.003008939,0.0055935387,0,60.11511
24694,0,524.7762,21.479044,981.5251,40.183815,0.0034324871,0.0056105307,0,60.062637
24711,0,559.63336,22.906515,981.6625,40.189445,0.0033530719,0.0056281923,0,60.13565
24727,0,565.73334,23.156322,981.85425,40.1973,0.0033661113,0.0056458944,0,60.02995
24744,0,560.9143,22.958973,982.04425,40.205082,5.1774574E-4,0.00565457,0,59.80049
24760,0,560.9143,22.958973,982.2248,40.212475,2.0106102E-4,0.00565538,0,60.05881
24778,0,560.9143,22.958973,982.40533,40.219864,2.604394E-4,0.0056556636,0,59.807148
24795,0,577.42145,23.634974,982.6057,40.228073,3.091959E-4,0.0056561613,0,59.93741
24810,0,577.42145,23.634974,982.8256,40.23708,2.756802E-4,0.005656615,0,59.945515
24827,0,577.42145,23.634974,983.0454,40.24608,2.819644E-4,0.005657077,0,60.125626
24847,0,577.42145,23.634974,983.26526,40.25508,2.7503277E-4,0.005657645,0,59.83644
24861,0,574.0333,23.496223,983.4746,40.263653,0.001746041,0.005662906,0,60.080162
24878,0,562.6524,23.030151,983.6776,40.27197,0.001470227,0.005670787,0,59.94881
24900,0,565.00714,23.126583,983.8662,40.279694,7.490786E-4,0.005675736,0,59.745014
24911,0,564.5,23.105814,984.0573,40.287518,5.6538347E-4,0.0056783915,0,60.026566
24928,0,560.09045,22.925234,984.24225,40.29509,5.9982634E-4,0.00568073,0,59.938236
24946,0,559.8571,22.91568,984.41754,40.302273,7.8577816E-4,0.0056837485,0,59.804955
24962,0,555.7619,22.74797,984.5927,40.309444,8.250114E-4,0.005687354,0,60.209774
24978,0,551.4524,22.571487,984.7564,40.316147,3.2202608E-4,0.0056894687,0,60.063507
24995,0,543.6619,22.252453,984.9056,40.322254,6.708204E-4,0.0056914594,0,60.038
25011,0,533.9,21.852684,985.03436,40.32753,6.054215E-4,0.0056937863,0,60.12452
25029,0,530.2143,21.701748,985.1507,40.332294,7.3367875E-4,0.0056962166,0,59.70385
25050,0,510.12143,20.878904,985.2386,40.33589,0.0015369834,0.0057014064,0,59.677925
25063,0,503.48572,20.607159,985.2892,40.337967,0.001124973,0.005707448,0,59.885517
25083,0,482.7262,19.757015,985.31433,40.338997,0.0012022249,0.0057131206,0,59.670628
25095,0,471.6857,19.304886,985.29486,40.3382,0.0018568072,0.0057211155,0,60.04834
25111,0,452.00238,18.498816,985.24396,40.336113,0.0011623431,0.0057284185,0,60.259617
25128,0,447.26428,18.304781,985.1569,40.33255,0.0012925551,0.005734431,0,60.038704
25150,0,445.72858,18.24189,985.0652,40.328793,8.381461E-5,0.0057369,0,59.971035
25162,0,445.72858,18.24189,984.9767,40.32517,2.2596566E-4,0.005736454,0,60.023075
25182,0,445.72858,18.24189,984.89935,40.322,1.9931233E-4,0.0057350234,0,59.833332
25196,0,445.72858,18.24189,984.82806,40.31908,1.388469E-4,0.0057328497,0,59.771866
25212,0,444.90475,18.208153,984.7707,40.316734,6.278979E-4,0.0057317764,0,59.912857
25228,0,437.51904,17.905693,984.71216,40.314335,5.362008E-4,0.0057321666,0,59.900524
25245,0,437.2857,17.896137,984.6599,40.312195,0.0044943905,0.0057454184,0,59.942394
25262,0,438.72382,17.955032,984.5836,40.309074,2.2258703E-4,0.0057553356,0,60.094162
25279,0,434.83096,17.795612,984.5177,40.30637,0.0010235502,0.0057581477,0,59.950996
25295,0,434.83096,17.795612,984.4428,40.303307,8.4369065E-5,0.0057597877,0,60.069836
25311,0,434.83096,17.795612,984.3673,40.300213,2.2186455E-4,0.0057590078,0,60.2332
25330,0,434.83096,17.795612,984.2924,40.297146,1.9608415E-4,0.005755584,0,60.30188
25344,0,434.83096,17.795612,984.2255,40.294407,1.6190305E-4,0.0057506375,0,60.14562
25360,0,434.83096,17.795612,984.15894,40.291683,1.68312E-4,0.005745883,0,60.371334
25378,0,434.83096,17.795612,984.09174,40.288925,1.6711032E-4,0.0057439753,0,60.164165
25397,0,430.0119,17.59826,984.0176,40.28589,5.044903E-4,0.0057447655,0,59.93592
25411,0,428.27142,17.526985,983.9445,40.2829,8.7194674E-4,0.0057471404,0,60.2003
25428,0,415.25,16.99373,983.85406,40.279194,8.030486E-4,0.0057506277,0,60.07984
25444,0,411.1262,16.824854,983.73737,40.274414,9.391424E-4,0.0057546296,0,60.039223
25461,0,409.4881,16.75777,983.6171,40.26949,3.7133132E-4,0.0057571745,0,60.203922
25479,0,406.20953,16.623508,983.4911,40.26433,4.777959E-4,0.0057586725,0,59.87493
25494,0,406.20953,16.623508,983.36066,40.258987,1.01026E-4,0.005759084,0,60.072483
25511,0,402.66904,16.478518,983.2262,40.253483,2.3278731E-4,0.005758977,0,60.12047
25528,0,398.71906,16.316757,983.08276,40.24761,2.0808206E-4,0.0057591703,0,59.91767
25545,0,398.71906,16.316757,982.93445,40.241535,1.6266896E-4,0.0057592364,0,59.937565
25562,0,396.35953,16.220129,982.7835,40.23535,2.5583355E-4,0.0057595083,0,59.88334
25577,0,393.59048,16.106731,982.62646,40.228924,2.383652E-4,0.0057600564,0,60.145298
25595,0,393.05237,16.084694,982.46234,40.222202,2.6928599E-4,0.005760654,0,60.019455
25610,0,393.05237,16.084694,982.3006,40.21558,2.080724E-4,0.005761076,0,60.341682
25631,0,393.05237,16.084694,982.1389,40.208958,2.1954993E-4,0.0057613794,0,59.920155
25644,0,394.99762,16.164358,981.97955,40.202427,3.550817E-4,0.0057621263,0,60.02154
25664,0,394.99762,16.164358,981.8224,40.195995,2.315856E-4,0.0057628057,0,60.048565
25678,0,394.99762,16.164358,981.6653,40.18956,1.4842248E-4,0.0057629026,0,60.055096
25694,0,394.99762,16.164358,981.5082,40.183125,1.6401557E-4,0.0057628364,0,60.25027
25711,0,396.2262,16.21467,981.3554,40.176872,9.672812E-4,0.005765133,0,60.247154
25728,0,395.81668,16.197899,981.2063,40.170765,8.1666885E-4,0.005768901,0,60.01036
25747,0,393.76904,16.114044,981.0543,40.16454,8.4490865E-4,0.005772518,0,60.17852
25764,0,381.33334,15.604777,980.8828,40.157513,8.7011023E-4,0.005776174,0,60.006332
25781,0,382.86905,15.667668,980.7011,40.150074,8.716967E-4,0.00577988,0,59.792862
25795,0,380.71906,15.579621,980.5188,40.14261,8.713992E-4,0.0057836133,0,59.86576
25811,0,366.8762,15.012729,980.3194,40.13444,0.0010750052,0.0057881493,0,59.934277
25828,0,361.88095,14.808164,980.1,40.125454,7.6874206E-4,0.005791397,0,60.14052
25845,0,349.12143,14.285636,979.85944,40.11561,8.2616636E-4,0.005793579,0,60.014366
25865,0,343.25714,14.045482,979.585,40.10437,4.92531E-4,0.0057944986,0,59.543064
25879,0,343.16428,14.041678,979.3211,40.09356,5.5508764E-4,0.0057950146,0,60.010765
25895,0,343.16428,14.041678,979.0628,40.08298,1.9345313E-4,0.005794837,0,60.30021
25912,0,339.78094,13.903124,978.79926,40.07219,3.3118136E-4,0.0057937265,0,60.044353
25929,0,335.57858,13.7310295,978.5251,40.060963,3.053573E-4,0.00579374,0,60.058136
25944,0,335.57858,13.7310295,978.2459,40.049526,1.344088E-4,0.0057940697,0,60.206898
25961,0,335.57858,13.7310295,977.9667,40.038094,1.9392438E-4,0.0057941913,0,60.18262
25978,0,335.57858,13.7310295,977.6875,40.02666,1.8835641E-4,0.0057944027,0,59.976154
25994,0,335.57858,13.7310295,977.40826,40.01523,1.894004E-4,0.0057945545,0,60.262943
26014,0,335.57858,13.7310295,977.1291,40.00379,1.0544482E-4,0.005794429,0,59.901268
26029,0,335.57858,13.7310295,976.8499,39.99236,1.7539592E-4,0.0057944558,0,59.80599
26046,0,335.57858,13.7310295,976.5707,39.980927,1.6228009E-4,0.005794583,0,59.798275
26063,0,335.57858,13.7310295,976.2915,39.969494,2.163578E-4,0.0057947827,0,59.97002
26079,0,335.57858,13.7310295,976.0123,39.958057,2.0621823E-4,0.005795092,0,60.168774
26095,0,335.57858,13.7310295,975.7331,39.946625,2.081194E-4,0.0057953885,0,60.216553
26111,0,335.57858,13.7310295,975.4539,39.935192,1.873184E-4,0.0057956283,0,60.21914
26128,0,335.57858,13.7310295,975.1747,39.92376,1.6342968E-4,0.0057957415,0,60.007492
26145,0,335.57858,13.7310295,974.8955,39.912327,1.6790882E-4,0.0057958225,0,60.023182
26163,0,335.57858,13.7310295,974.6163,39.900887,1.7743047E-4,0.0057959505,0,60.094006
26178,0,399.5381,16.350298,974.41046,39.89246,5.792944E-4,0.0057974244,0,60.069096
26195,0,464.5476,19.012568,974.3614,39.89045,5.039449E-4,0.0057995655,0,60.124344
26214,0,464.5476,19.012568,974.3893,39.891594,2.079502E-4,0.005800539,0,59.845695
26228,0,464.5476,19.012568,974.4171,39.892735,1.6391516E-4,0.005800862,0,59.979588
26245,0,464.5476,19.012568,974.445,39.893875,1.7217173E-4,0.005801126,0,59.867043
26262,0,464.5476,19.012568,974.47284,39.895016,1.7426469E-4,0.0058013503,0,59.98512
26279,0,464.5476,19.012568,974.50073,39.896156,1.8009084E-4,0.0058015357,0,59.79331
26295,0,464.5476,19.012568,974.5286,39.8973,1.7899844E-4,0.005801701,0,60.1054
26312,0,464.5476,19.012568,974.5565,39.89844,1.5753659E-4,0.0058018104,0,59.884552
26328,0,464.5476,19.012568,974.58435,39.899582,1.9486691E-4,0.005802017,0,60.05196
26344,0,464.5476,19.012568,974.6123,39.900726,1.8786748E-4,0.005802303,0,60.229355
26362,0,464.5476,19.012568,974.6402,39.901867,1.4118216E-4,0.005802418,0,60.05389
26381,0,464.5476,19.012568,974.668,39.903008,2.2128169E-4,0.0058025727,0,59.896748
26395,0,464.5476,19.012568,974.6959,39.904152,2.0626302E-4,0.0058029327,0,60.091393
26412,0,464.5476,19.012568,974.7238,39.905293,1.6960414E-4,0.005803202,0,60.02925
26428,0,464.5476,19.012568,974.7517,39.906437,1.849944E-4,0.005803407,0,60.00204
26444,0,464.5476,19.012568,974.7796,39.907578,1.8210872E-4,0.0058036447,0,60.12539
26462,0,464.5476,19.012568,974.6337,39.901604,1.8264979E-4,0.005800483,0,59.99696
26482,0,464.5476,19.012568,974.32416,39.888927,2.080684E-4,0.005793912,0,59.763004
26498,0,464.5476,19.012568,974.024,39.876633,2.033024E-4,0.005791003,0,59.94729
26512,0,464.5476,19.012568,973.7293,39.864567,2.0025413E-4,0.005790384,0,59.9307
26532,0,464.5476,19.012568,973.4433,39.852856,1.6028328E-4,0.0057891067,0,59.65841
26546,0,464.5476,19.012568,973.1613,39.84131,1.3708917E-4,0.0057886816,0,59.809612
26565,0,464.5476,19.012568,972.8794,39.829758,1.4143805E-4,0.005788715,0,60.021797
26580,0,464.5476,19.012568,972.5975,39.818214,1.4102882E-4,0.0057887686,0,59.902546
26596,0,464.5476,19.012568,972.31555,39.80667,1.4110556E-4,0.005788796,0,60.06701
26612,0,464.5476,19.012568,972.0336,39.795124,1.7548306E-4,0.0057888622,0,60.059574
26629,0,464.5476,19.012568,971.7517,39.78358,1.4733365E-4,0.0057888962,0,60.09724
26645,0,464.5476,19.012568,971.4698,39.772034,1.5261167E-4,0.005788909,0,60.300423
26661,0,464.5476,19.012568,971.1878,39.760487,1.7900037E-4,0.0057890736,0,60.21071
26679,0,464.5476,19.012568,970.9059,39.74894,1.496026E-4,0.0057892143,0,59.92616
26696,0,464.5476,19.012568,970.6259,39.737476,1.5511469E-4,0.0057881707,0,60.04847
26711,0,464.5476,19.012568,970.35114,39.726223,1.4004513E-4,0.0057859966,0,60.142216
26729,0,464.5476,19.012568,970.0831,39.71525,1.8137904E-4,0.005783779,0,59.932533
26748,0,464.5476,19.012568,969.70966,39.699955,1.7362894E-4,0.0057820054,0,60.346375
26762,0,464.5476,19.012568,969.2273,39.6802,1.784548E-4,0.0057816645,0,59.837257
26779,0,464.5476,19.012568,968.745,39.660446,1.6168982E-4,0.005781949,0,59.707596
26796,0,464.5476,19.012568,968.26263,39.640697,1.6483324E-4,0.0057820785,0,59.829117
26813,0,464.5476,19.012568,967.7803,39.62094,1.6424386E-4,0.0057821637,0,59.95535
26829,0,464.5476,19.012568,967.298,39.60119,1.5624019E-4,0.0057821767,0,60.159916
26846,0,464.5476,19.012568,966.8157,39.58144,1.5774087E-4,0.005782314,0,60.016552
26862,0,464.5476,19.012568,966.3333,39.561684,1.935921E-4,0.0057825968,0,60.02751
26878,0,464.5476,19.012568,965.851,39.54193,1.6177559E-4,0.0057828254,0,60.15313
26895,0,464.5476,19.012568,965.36865,39.522182,1.6774118E-4,0.0057830084,0,60.24147
26912,0,464.5476,19.012568,964.8864,39.502434,1.5989188E-4,0.005783293,0,59.997036
26931,0,464.5476,19.012568,964.4041,39.48268,1.4133318E-4,0.005783563,0,60.02898
26945,0,464.24048,18.999989,963.92145,39.462917,3.99733E-4,0.0057845316,0,60.187958
26962,0,463.5238,18.97064,963.43756,39.4431,3.5128303E-4,0.0057858583,0,59.991436
26979,0,461.07382,18.870308,962.93915,39.422688,0.0012344635,0.005789842,0,60.011055
26995,0,450.31906,18.42988,962.4143,39.401196,0.0013567177,0.0057964507,0,60.06864
27016,0,457.50714,18.724245,961.9079,39.380455,0.001333795,0.0058033178,0,59.754032
27029,0,518.26666,21.212467,961.47864,39.362877,0.0027825823,0.005814698,0,59.861816
27048,0,614.80237,25.165794,961.2395,39.35308,0.0023190354,0.0058278837,0,59.67623
27063,0,713.7476,29.2178,961.2319,39.35277,0.0024059503,0.0058401413,0,59.88846
27079,0,712.3381,29.160076,961.34094,39.35724,8.070095E-4,0.0058475505,0,60.11894
27098,0,712.29047,29.158127,961.4484,39.36164,0.0017909707,0.0058542723,0,60.104954
27115,0,710.6286,29.09007,961.5544,39.36598,0.001606478,0.005862575,0,60.083008
27130,0,709.3452,29.037514,961.65656,39.370163,0.0012809429,0.005869305,0,59.854294
27146,0,702.22144,28.74578,961.76196,39.374477,0.0076035676,0.0058945105,0,60.118862
27162,0,687.7167,28.151781,961.8343,39.37744,0.0064180754,0.005930967,0,60.041183
27179,0,669.619,27.410646,961.8678,39.378815,0.006640355,0.0059656417,0,60.059113
27196,0,683.7714,27.990215,961.89154,39.379787,0.002357426,0.0059876232,0,60.06336
27212,0,707.5619,28.964481,961.9654,39.382812,0.0031604753,0.006002222,0,59.93917
27229,0,706.2857,28.91222,962.067,39.386974,0.003606419,0.0060201064,0,59.991222
27246,0,698.24524,28.582949,962.1565,39.390636,0.0017004635,0.006033001,0,60.05926
27263,0,692.96906,28.366877,962.2313,39.393703,0.00205783,0.006042616,0,59.880222
27279,0,688.7714,28.194975,962.2945,39.396286,4.987129E-4,0.0060482076,0,59.877502
27298,0,688.7714,28.194975,962.35266,39.39867,1.7937862E-4,0.0060490463,0,59.947613
27314,0,722.50714,29.57652,962.4518,39.40273,4.3800264E-4,0.006050064,0,59.570374
27333,0,756.1405,30.953873,962.62933,39.41,3.8951062E-4,0.0060516135,0,59.87945
27349,0,789.0571,32.301872,962.88715,39.42056,3.902577E-4,0.0060522873,0,59.939686
27365,0,806.38574,33.011517,963.22284,39.434307,3.901176E-4,0.00605194,0,60.149452
27379,0,806.38574,33.011517,963.55365,39.447853,2.5818503E-4,0.0060509113,0,60.036053
27396,0,809.15,33.124718,963.8852,39.46143,6.0260674E-4,0.0060515837,0,60.12487
27413,0,812.19763,33.249523,964.2212,39.47519,3.4731097E-4,0.0060531856,0,60.006046
27429,0,816.78094,33.437218,964.5687,39.48942,3.951789E-4,0.0060544875,0,59.90068
27445,0,821.23334,33.619556,964.9315,39.50428,0.0010778526,0.006058048,0,60.327953
27463,0,821.73096,33.639935,965.29926,39.51934,0.0015706184,0.006064942,0,60.073986
27479,0,698.0595,28.57534,965.4806,39.526764,0.0014782249,0.0060727913,0,60.08125
27500,0,685.49524,28.060808,965.536,39.529037,7.761296E-4,0.0060781213,0,60.023197
27513,0,836.9429,34.26289,965.755,39.538002,0.001206662,0.006083117,0,59.8995
27529,0,987.36426,40.422947,966.3373,39.561848,0.0011259371,0.006088846,0,59.941612
27546,0,979.1381,40.086067,967.0879,39.592587,0.00113877,0.006094084,0,59.973885
27563,0,979.85474,40.115414,967.82983,39.62297,3.5409027E-4,0.0060960487,0,59.82616
27583,0,980.1619,40.127995,968.5754,39.653503,5.012177E-4,0.0060962853,0,59.70331
27596,0,980.0595,40.1238,969.3239,39.684155,4.736313E-4,0.006096846,0,60.22631
27614,0,980.0595,40.1238,970.07446,39.71489,2.3862191E-4,0.006096991,0,59.96917
27629,0,980.0595,40.1238,970.82587,39.745667,2.8268617E-4,0.006097488,0,60.11783
27646,0,980.0595,40.1238,971.5774,39.77644,1.2863314E-4,0.0060978625,0,60.14705
27664,0,980.0595,40.1238,972.3288,39.807213,2.0187502E-4,0.0060979947,0,59.754517
27679,0,980.0595,40.1238,973.08026,39.837986,1.8814218E-4,0.0060983514,0,60.167614
27696,0,980.0595,40.1238,973.8317,39.86876,1.4213564E-4,0.006098636,0,60.251694
27713,0,980.0595,40.1238,974.5832,39.899536,1.5562138E-4,0.0060988595,0,60.03909
27729,0,980.0595,40.1238,975.3346,39.930305,1.5309281E-4,0.0060986043,0,60.182755
27746,0,980.0595,40.1238,974.49365,39.895866,1.8016182E-4,0.00609143,0,60.193382
27762,0,980.0595,40.1238,970.54553,39.734184,1.5470525E-4,0.006080515,0,60.10161
27780,0,980.0595,40.1238,965.05804,39.50946,1.5947837E-4,0.0060745496,0,59.70373
27796,0,980.0595,40.1238,959.59436,39.285713,2.0654956E-4,0.0060649565,0,60.098415
27814,0,980.0595,40.1238,954.16296,39.063286,1.2920314E-4,0.0060513844,0,59.909187
27829,0,980.0595,40.1238,948.75806,38.841946,1.4370559E-4,0.0060445145,0,60.14256
27846,0,980.0595,40.1238,943.3648,38.62108,1.4012714E-4,0.006043528,0,60.14051
27862,0,980.0595,40.1238,937.9715,38.40021,1.2983408E-4,0.006043319,0,60.14358
27880,0,980.0595,40.1238,932.57837,38.17935,1.3176404E-4,0.006043173,0,60.12632
27896,0,980.0595,40.1238,927.1851,37.95849,1.3140216E-4,0.006043157,0,60.11581
27913,0,980.0595,40.1238,921.7918,37.73762,1.3411511E-4,0.0060430993,0,59.94126
27930,0,980.0595,40.1238,916.39844,37.516754,1.3360643E-4,0.006043077,0,59.963028
27946,0,980.0595,40.1238,911.00006,37.295677,1.3394516E-4,0.0060401224,0,60.081936
27963,0,980.0595,40.1238,905.57336,37.073444,1.4064166E-4,0.0060355323,0,59.919407
27979,0,980.0595,40.1238,900.07227,36.848167,1.3938606E-4,0.006026214,0,60.007717
27996,0,980.0595,40.1238,894.56036,36.622444,1.3246314E-4,0.006014075,0,60.0812
28013,0,980.0595,40.1238,889.41644,36.411785,1.1583485E-4,0.0060024695,0,59.86619
28030,0,980.0595,40.1238,884.51013,36.210865,1.1895266E-4,0.0059948983,0,59.856365
28046,0,980.0595,40.1238,880.1241,36.031246,1.2714732E-4,0.0059908074,0,60.067642
28063,0,980.0595,40.1238,876.1531,35.868626,1.2658245E-4,0.0059868935,0,59.852592
28080,0,980.0595,40.1238,872.4844,35.718384,1.2668838E-4,0.0059843035,0,59.99202
28096,0,980.0595,40.1238,868.81244,35.568012,1.1267609E-4,0.005983115,0,60.05262
28114,0,980.0595,40.1238,865.14056,35.41764,1.1428294E-4,0.0059821354,0,60.012707
28129,0,980.0595,40.1238,861.4683,35.267258,1.1398166E-4,0.005981195,0,60.133575
28147,0,980.0595,40.1238,858.19775,35.13332,1.2693004E-4,0.0059645195,0,60.1043
28163,0,980.0595,40.1238,856.08344,35.046734,1.1194183E-4,0.005938914,0,60.0213
28180,0,980.0595,40.1238,855.05853,35.004765,1.1475212E-4,0.005910492,0,60.02415
28196,0,980.0595,40.1238,855.31976,35.01546,1.4359341E-4,0.005883823,0,60.04228
28213,0,980.0595,40.1238,856.1012,35.047462,1.16998184E-4,0.0058601853,0,59.923073
28232,0,980.0595,40.1238,856.8477,35.078033,1.2198479E-4,0.0058331797,0,59.882442
28247,0,980.0595,40.1238,857.66144,35.111355,1.210498E-4,0.005813514,0,60.118637
28264,0,980.0595,40.1238,858.5408,35.147366,9.275993E-5,0.005798959,0,59.843544
28281,0,980.0595,40.1238,859.48706,35.18612,9.806428E-5,0.0057867332,0,59.721676
28300,0,980.0595,40.1238,860.4887,35.22714,1.2819015E-4,0.0057791662,0,59.880577
28314,0,980.0595,40.1238,861.50165,35.26862,1.2254156E-4,0.0057726605,0,59.778065
28333,0,980.0595,40.1238,862.5296,35.31072,1.2360066E-4,0.005767444,0,60.06786
