elapsedTime,eventRecognized,frq_rt, col_rt, frq_m, col_m, amp_rt, amp_m, total, framerate;
4904,0,4100.738,185.18277,4100.738,158.76544,0.0013647373,0.0013647373,0,49.445805
4921,0,4101.7427,185.21161,4101.7427,158.80519,0.0013650326,0.0013650326,0,50.44796
4938,0,4104.87,185.30139,4104.87,158.92894,0.0013659514,0.0013659514,0,50.268665
4967,0,4110.003,185.44873,4110.003,159.13203,0.0013674594,0.0013674594,0,50.534863
4985,0,4116.9404,185.64789,4116.9404,159.40654,0.0013694976,0.0013694976,0,48.981407
4999,0,4125.082,185.88159,4125.082,159.72868,0.0013718895,0.0013718895,0,52.183205
5021,0,4135.212,186.1724,4135.212,160.1295,0.0013748655,0.0013748655,0,51.382774
5042,0,4145.871,186.47838,4145.871,160.55128,0.0013779971,0.0013779971,0,51.821445
5061,0,4157.0454,186.79915,4157.0454,160.99342,0.00138128,0.00138128,0,51.415222
5079,0,4168.46,187.12682,4168.46,161.44507,0.0013846335,0.0013846335,0,52.210167
5102,0,4179.285,187.43758,4179.285,161.87341,0.0013878137,0.0013878137,0,50.8389
5121,0,4190.9277,187.77179,4190.9277,162.33409,0.0013912343,0.0013912343,0,50.85925
5142,0,4201.294,188.06937,4201.294,162.74425,0.0013942798,0.0013942798,0,51.50203
5161,0,4210.0537,188.32083,4210.0537,163.09087,0.0013968532,0.0013968532,0,51.312656
5186,0,4213.223,188.4118,4213.223,163.21628,0.0013977845,0.0013977845,0,49.887314
5207,0,4210.212,188.32535,4210.212,163.0971,0.0013968997,0.0013968997,0,50.133583
5226,0,4202.7886,188.11226,4202.7886,162.80339,0.0013947189,0.0013947189,0,49.971287
5243,0,4190.2007,187.75092,4190.2007,162.30531,0.0013910207,0.0013910207,0,51.212086
5260,0,4174.2173,187.29208,4174.2173,161.67287,0.0013863249,0.0013863249,0,51.925983
5282,0,4157.218,186.8041,4157.218,161.00023,0.0013813305,0.0013813305,0,51.954655
5299,0,4141.2896,186.34685,4141.2896,160.36998,0.001376651,0.001376651,0,51.681572
5321,0,4126.4697,185.92143,4126.4697,159.7836,0.0013722971,0.0013722971,0,51.247246
5338,0,4114.8745,185.58858,4114.8745,159.3248,0.0013688905,0.0013688905,0,51.721756
5356,0,4107.183,185.3678,4107.183,159.02046,0.0013666309,0.0013666309,0,52.047115
5374,0,4105.835,185.32909,4105.835,158.96712,0.0013662349,0.0013662349,0,52.55406
5391,0,4111.387,185.48846,4111.387,159.1868,0.0013678661,0.0013678661,0,53.320843
5410,0,4118.9927,185.70679,4118.9927,159.48775,0.0013701004,0.0013701004,0,53.106216
5428,0,4128.5376,185.98079,4128.5376,159.86542,0.0013729046,0.0013729046,0,53.30938
5445,0,4137.1196,186.22716,4137.1196,160.205,0.001375426,0.001375426,0,53.659588
5462,0,4147.304,186.5195,4147.304,160.60797,0.0013784181,0.0013784181,0,54.60469
5478,0,4155.4053,186.75208,4155.4053,160.92853,0.0013807982,0.0013807982,0,55.276283
5496,0,4163.077,186.97229,4163.077,161.23209,0.0013830521,0.0013830521,0,55.779068
5519,0,4169.1846,187.14761,4169.1846,161.47375,0.0013848464,0.0013848464,0,54.216255
5538,0,4169.747,187.16376,4169.747,161.496,0.0013850116,0.0013850116,0,54.184204
5557,0,4169.2695,187.15005,4169.2695,161.47711,0.0013848713,0.0013848713,0,53.93135
5578,0,4163.1606,186.9747,4163.1606,161.2354,0.0013830767,0.0013830767,0,53.63401
5602,0,4152.754,186.67596,4152.754,160.82362,0.0013800192,0.0013800192,0,52.161537
5627,0,4138.96,186.27998,4138.96,160.27782,0.0013759666,0.0013759666,0,51.81097
5645,0,4118.081,185.68063,4118.081,159.45168,0.0013698327,0.0013698327,0,51.465878
5662,0,4100.0566,185.16321,4100.0566,158.73848,0.0013645373,0.0013645373,0,51.547466
5679,0,4081.5603,184.63226,4081.5603,158.00662,0.0013591032,0.0013591032,0,52.260143
5703,0,4064.0178,184.12866,4064.0178,157.31248,0.0013539494,0.0013539494,0,51.39887
5721,0,4049.301,183.7062,4049.301,156.73018,0.0013496258,0.0013496258,0,51.79721
5738,0,4033.543,183.25385,4033.543,156.10666,0.0013449963,0.0013449963,0,52.352272
5757,0,4022.523,182.93752,4022.523,155.67062,0.0013417586,0.0013417586,0,52.508595
5774,0,4012.2822,182.64354,4012.2822,155.26541,0.00133875,0.00133875,0,52.604656
5791,0,4004.8372,182.42981,4004.8372,154.97083,0.0013365628,0.0013365628,0,53.413857
5811,0,4000.6843,182.31061,4000.6843,154.8065,0.0013353426,0.0013353426,0,53.793625
5836,0,3997.2415,182.21176,3997.2415,154.67027,0.0013343312,0.0013343312,0,52.03784
5855,0,3998.3096,182.24243,3998.3096,154.71254,0.001334645,0.001334645,0,52.13751
5873,0,4000.6685,182.31015,4000.6685,154.80588,0.0013353381,0.0013353381,0,52.63615
5894,0,4004.1946,182.41136,4004.1946,154.94539,0.001336374,0.001336374,0,52.49415
5911,0,4004.3877,182.4169,4004.3877,154.95303,0.0013364308,0.0013364308,0,52.9119
5929,0,4000.697,182.31097,4000.697,154.807,0.0013353465,0.0013353465,0,53.075558
5952,0,3995.459,182.16061,3995.459,154.59975,0.0013338075,0.0013338075,0,52.023613
5971,0,3987.567,181.93405,3987.567,154.28748,0.001331489,0.001331489,0,52.029175
5995,0,3978.78,181.68181,3978.78,153.93979,0.0013289074,0.0013289074,0,50.975006
6012,0,3970.1204,181.43323,3970.1204,153.59715,0.0013263633,0.0013263633,0,51.87922
6029,0,3961.6787,181.19089,3961.6787,153.26312,0.0013238832,0.0013238832,0,52.60629
6046,0,3954.8171,180.99393,3954.8171,152.99164,0.0013218673,0.0013218673,0,53.14918
6062,0,3948.917,180.82455,3948.917,152.75818,0.001320134,0.001320134,0,54.47262
6078,0,3944.9426,180.71046,3944.9426,152.6009,0.0013189664,0.0013189664,0,54.888363
6098,0,3944.6794,180.70291,3944.6794,152.5905,0.001318889,0.001318889,0,55.252815
6119,0,3946.9668,180.76857,3946.9668,152.681,0.001319561,0.001319561,0,54.046154
6137,0,3950.9067,180.88168,3950.9067,152.8369,0.0013207186,0.0013207186,0,54.0097
6155,0,3954.618,180.9882,3954.618,152.98375,0.0013218089,0.0013218089,0,54.11255
6174,0,3958.1719,181.09023,3958.1719,153.12436,0.0013228529,0.0013228529,0,54.55342
6195,0,3963.665,181.24791,3963.665,153.34172,0.0013244668,0.0013244668,0,54.054264
6220,0,3968.2612,181.37985,3968.2612,153.52359,0.0013258171,0.0013258171,0,52.455925
6240,0,3971.4587,181.47165,3971.4587,153.6501,0.0013267564,0.0013267564,0,52.628685
6258,0,3970.9326,181.45654,3970.9326,153.62929,0.001326602,0.001326602,0,52.168144
6275,0,3965.725,181.30704,3965.725,153.42323,0.001325072,0.001325072,0,52.899265
6291,0,3959.663,181.13303,3959.663,153.18336,0.0013232911,0.0013232911,0,54.218536
6308,0,3948.633,180.8164,3948.633,152.74692,0.0013200506,0.0013200506,0,54.435856
6325,0,3933.453,180.38065,3933.453,152.14629,0.0013155908,0.0013155908,0,54.89132
6345,0,3912.4365,179.77734,3912.4365,151.31471,0.0013094164,0.0013094164,0,54.961227
6361,0,3883.665,178.95142,3883.665,150.17627,0.0013009636,0.0013009636,0,55.13191
6378,0,3853.9004,178.09698,3853.9004,148.99854,0.001292219,0.001292219,0,55.87507
6396,0,3819.15,177.09943,3819.15,147.62352,0.0012820096,0.0012820096,0,55.216446
6416,0,3781.8557,176.02884,3781.8557,146.14786,0.001271053,0.001271053,0,55.192337
6433,0,3742.1492,174.889,3742.1492,144.57675,0.0012593877,0.0012593877,0,55.568085
6452,0,3698.0918,173.6243,3698.0918,142.83348,0.001246444,0.001246444,0,56.144615
6467,0,3657.7766,172.46698,3657.7766,141.23828,0.0012345999,0.0012345999,0,56.751083
6489,0,3618.4465,171.33798,3618.4465,139.68207,0.001223045,0.001223045,0,55.201138
6509,0,3582.569,170.30807,3582.569,138.26247,0.0012125046,0.0012125046,0,55.40626
6526,0,3550.488,169.38713,3550.488,136.99307,0.0012030795,0.0012030795,0,55.54569
6547,0,3520.5608,168.52803,3520.5608,135.80891,0.0011942872,0.0011942872,0,54.901634
6569,0,3499.1626,167.91377,3499.1626,134.96222,0.0011880007,0.0011880007,0,53.503677
6590,0,3483.3953,167.46115,3483.3953,134.33835,0.0011833684,0.0011833684,0,53.028664
6607,0,3474.5085,167.20604,3474.5085,133.98671,0.0011807575,0.0011807575,0,53.259514
6625,0,3471.006,167.1055,3471.006,133.84813,0.0011797285,0.0011797285,0,53.65657
6640,0,3471.9001,167.13116,3471.9001,133.8835,0.0011799912,0.0011799912,0,54.55481
6659,0,3479.6326,167.35315,3479.6326,134.18947,0.0011822629,0.0011822629,0,54.59538
6678,0,3490.7087,167.67108,3490.7087,134.62772,0.001185517,0.001185517,0,54.43166
6700,0,3504.2651,168.06024,3504.2651,135.16412,0.0011894996,0.0011894996,0,54.16557
6722,0,3517.7388,168.44702,3517.7388,135.69725,0.0011934581,0.0011934581,0,53.142136
6739,0,3530.8506,168.82343,3530.8506,136.21606,0.0011973103,0.0011973103,0,52.793304
6757,0,3543.355,169.18237,3543.355,136.71085,0.0012009839,0.0012009839,0,53.254227
6777,0,3552.9924,169.45903,3552.9924,137.09218,0.0012038153,0.0012038153,0,53.450752
6798,0,3559.0886,169.63403,3559.0886,137.33339,0.0012056063,0.0012056063,0,52.86101
6816,0,3561.0247,169.6896,3561.0247,137.40999,0.0012061751,0.0012061751,0,52.979885
6839,0,3561.324,169.69818,3561.324,137.42183,0.001206263,0.001206263,0,51.8853
6862,0,3561.9077,169.71495,3561.9077,137.44493,0.0012064346,0.0012064346,0,51.465206
6886,0,3562.8875,169.74307,3562.8875,137.4837,0.0012067223,0.0012067223,0,50.163685
6906,0,3563.532,169.76157,3563.532,137.5092,0.0012069116,0.0012069116,0,49.974857
6926,0,3564.5461,169.7907,3564.5461,137.54933,0.0012072097,0.0012072097,0,50.192474
6945,0,3564.1907,169.78049,3564.1907,137.53526,0.0012071052,0.0012071052,0,50.450996
6962,0,3562.4714,169.73114,3562.4714,137.46724,0.0012066001,0.0012066001,0,51.997494
6996,0,3560.064,169.66202,3560.064,137.37198,0.0012058929,0.0012058929,0,49.48996
7011,0,3554.8545,169.51248,3554.8545,137.16585,0.0012043624,0.0012043624,0,55.778397
7036,0,3549.4714,169.35796,3549.4714,136.95287,0.0012027809,0.0012027809,0,53.487232
7054,0,3540.2417,169.093,3540.2417,136.58765,0.0012000693,0.0012000693,0,53.944702
7075,0,3528.0974,168.74438,3528.0974,136.10712,0.0011965014,0.0011965014,0,53.894135
7095,0,3515.026,168.36914,3515.026,135.5899,0.0011926611,0.0011926611,0,52.743507
7112,0,3495.3352,167.8039,3495.3352,134.81078,0.0011868762,0.0011868762,0,53.477272
7136,0,3474.614,167.20908,3474.614,133.99089,0.0011807885,0.0011807885,0,52.25291
7154,0,3447.437,166.42892,3447.437,132.91554,0.0011728042,0.0011728042,0,52.72723
7172,0,3416.3923,165.53775,3416.3923,131.68716,0.0011636836,0.0011636836,0,53.14762
7188,0,3386.836,164.6893,3386.836,130.51767,0.0011550002,0.0011550002,0,53.85067
7209,0,3354.0496,163.74811,3354.0496,129.22038,0.0011453679,0.0011453679,0,53.922474
7227,0,3327.4597,162.98482,3327.4597,128.16826,0.001137556,0.001137556,0,53.74225
7244,0,3300.1804,162.20172,3300.1804,127.08887,0.0011295417,0.0011295417,0,54.0272
7260,0,3275.0469,161.48024,3275.0469,126.09438,0.0011221577,0.0011221577,0,54.72518
7277,0,3259.4287,161.03189,3259.4287,125.4764,0.0011175693,0.0011175693,0,55.25996
7295,0,3245.0608,160.61945,3245.0608,124.90789,0.0011133481,0.0011133481,0,55.24053
7313,0,3242.116,160.53491,3242.116,124.79137,0.0011124829,0.0011124829,0,55.451008
7331,0,3239.483,160.45932,3239.483,124.68719,0.0011117094,0.0011117094,0,55.969875
7355,0,3234.1396,160.30594,3234.1396,124.47576,0.0011101395,0.0011101395,0,54.198395
7372,0,3234.4985,160.31625,3234.4985,124.48996,0.001110245,0.001110245,0,54.621384
7389,0,3228.7312,160.1507,3228.7312,124.26176,0.0011085506,0.0011085506,0,54.956924
7406,0,3228.922,160.15616,3228.922,124.26932,0.0011086067,0.0011086067,0,55.453445
7423,0,3225.6338,160.06177,3225.6338,124.1392,0.0011076406,0.0011076406,0,55.743977
7440,0,3219.6113,159.88889,3219.6113,123.9009,0.0011058713,0.0011058713,0,56.07481
7458,0,3220.7354,159.92116,3220.7354,123.94538,0.0011062016,0.0011062016,0,56.131588
7476,0,3215.02,159.75708,3215.02,123.71923,0.0011045224,0.0011045224,0,56.24342
7495,0,3216.1973,159.7909,3216.1973,123.765816,0.0011048682,0.0011048682,0,56.23041
7518,0,3213.3699,159.70972,3213.3699,123.65394,0.0011040375,0.0011040375,0,54.563034
7537,0,3207.952,159.5542,3207.952,123.43956,0.0011024459,0.0011024459,0,54.307186
7556,0,3210.2861,159.6212,3210.2861,123.53193,0.0011031317,0.0011031317,0,54.42665
7576,0,3205.2117,159.47552,3205.2117,123.33114,0.0011016409,0.0011016409,0,54.256397
7595,0,3207.2354,159.53363,3207.2354,123.41121,0.0011022354,0.0011022354,0,53.790936
7618,0,3203.9546,159.43945,3203.9546,123.281395,0.0011012715,0.0011012715,0,52.624138
7637,0,3197.8582,159.26443,3197.8582,123.04017,0.0010994804,0.0010994804,0,52.644756
7655,0,3198.534,159.28384,3198.534,123.06691,0.0010996789,0.0010996789,0,53.200256
7674,0,3189.6003,159.02739,3189.6003,122.713425,0.0010970543,0.0010970543,0,53.321743
7695,0,3185.726,158.91617,3185.726,122.56013,0.0010959161,0.0010959161,0,52.778957
7715,0,3173.0095,158.55112,3173.0095,122.05696,0.0010921801,0.0010921801,0,53.127773
7732,0,3156.041,158.06403,3156.041,121.385544,0.001087195,0.001087195,0,52.733627
7753,0,3143.3694,157.70026,3143.3694,120.884155,0.0010834722,0.0010834722,0,52.05617
7770,0,3119.2402,157.0076,3119.2402,119.929405,0.0010763833,0.0010763833,0,52.703323
7787,0,3098.8171,156.42134,3098.8171,119.12131,0.0010703831,0.0010703831,0,53.22319
7807,0,3068.8135,155.56004,3068.8135,117.93411,0.0010615684,0.0010615684,0,53.767387
7825,0,3039.1348,154.70807,3039.1348,116.75979,0.0010528491,0.0010528491,0,53.240288
7841,0,3016.642,154.0624,3016.642,115.86979,0.0010462409,0.0010462409,0,53.95878
7861,0,2986.8894,153.20831,2986.8894,114.69253,0.0010374999,0.0010374999,0,54.476704
7877,0,2963.7947,152.54535,2963.7947,113.77872,0.001030715,0.001030715,0,54.68833
7894,0,2931.819,151.62744,2931.819,112.513504,0.0010213208,0.0010213208,0,55.72272
7910,0,2899.319,150.69449,2899.319,111.22754,0.0010117727,0.0010117727,0,55.62956
7928,0,2871.2615,149.88907,2871.2615,110.117355,0.0010035296,0.0010035296,0,55.629612
7950,0,2834.849,148.84378,2834.849,108.676575,9.92832E-4,9.92832E-4,0,55.752068
7970,0,2803.054,147.93106,2803.054,107.4185,9.83491E-4,9.83491E-4,0,54.313366
7987,0,2760.5706,146.71153,2760.5706,105.73752,9.710097E-4,9.710097E-4,0,54.52012
8004,0,2716.7927,145.45483,2716.7927,104.00531,9.581483E-4,9.581483E-4,0,54.813835
8021,0,2677.0266,144.3133,2677.0266,102.43184,9.464653E-4,9.464653E-4,0,55.323715
8039,0,2635.5876,143.12373,2635.5876,100.792175,9.3429093E-4,9.3429093E-4,0,55.807922
8056,0,2605.478,142.2594,2605.478,99.60079,9.25445E-4,9.25445E-4,0,56.108494
8073,0,2572.406,141.31003,2572.406,98.2922,9.1572886E-4,9.1572886E-4,0,56.174896
8089,0,2544.812,140.51791,2544.812,97.200356,9.076219E-4,9.076219E-4,0,56.40604
8110,0,2526.2026,139.9837,2526.2026,96.46402,9.021547E-4,9.021547E-4,0,56.39454
8131,0,2505.1753,139.38008,2505.1753,95.632,8.9597714E-4,8.9597714E-4,0,55.736256
8153,0,2491.7617,138.99503,2491.7617,95.10125,8.9203636E-4,8.9203636E-4,0,54.189323
8170,0,2473.429,138.46877,2473.429,94.37586,8.866503E-4,8.866503E-4,0,54.516747
8191,0,2456.1572,137.97296,2456.1572,93.692444,8.815761E-4,8.815761E-4,0,54.52453
8208,0,2443.9316,137.62201,2443.9316,93.20871,8.7798433E-4,8.7798433E-4,0,54.18104
8232,0,2425.5894,137.09546,2425.5894,92.48293,8.725956E-4,8.725956E-4,0,53.062767
8254,0,2411.468,136.6901,2411.468,91.92418,8.684469E-4,8.684469E-4,0,52.145462
8270,0,2393.2344,136.16667,2393.2344,91.20271,8.6309004E-4,8.6309004E-4,0,53.23012
8288,0,2378.1365,135.73328,2378.1365,90.605316,8.586544E-4,8.586544E-4,0,53.47913
8307,0,2371.7024,135.54857,2371.7024,90.35073,8.5676403E-4,8.5676403E-4,0,53.54503
8326,0,2363.0828,135.30113,2363.0828,90.00967,8.5423177E-4,8.5423177E-4,0,53.534645
8345,0,2362.0127,135.27042,2362.0127,89.96732,8.539173E-4,8.539173E-4,0,53.217667
8369,0,2360.4429,135.22534,2360.4429,89.90521,8.534562E-4,8.534562E-4,0,52.186672
8387,0,2360.5364,135.22803,2360.5364,89.90891,8.534837E-4,8.534837E-4,0,52.384586
8404,0,2368.3035,135.45099,2368.3035,90.21624,8.5576554E-4,8.5576554E-4,0,53.198177
8423,0,2373.0957,135.58856,2373.0957,90.40586,8.5717347E-4,8.5717347E-4,0,53.298264
8441,0,2383.3535,135.88303,2383.3535,90.811745,8.601871E-4,8.601871E-4,0,53.18354
8457,0,2393.3162,136.16902,2393.3162,91.20594,8.63114E-4,8.63114E-4,0,54.37464
8473,0,2403.0798,136.4493,2403.0798,91.59228,8.659825E-4,8.659825E-4,0,54.640224
8492,0,2418.1306,136.88135,2418.1306,92.18781,8.704042E-4,8.704042E-4,0,54.835136
8508,0,2428.3438,137.17453,2428.3438,92.59192,8.734048E-4,8.734048E-4,0,55.521828
8525,0,2440.3367,137.5188,2440.3367,93.06646,8.769282E-4,8.769282E-4,0,55.564735
8542,0,2450.3223,137.80545,2450.3223,93.46157,8.798619E-4,8.798619E-4,0,55.928936
8560,0,2457.7898,138.01982,2457.7898,93.75705,8.820557E-4,8.820557E-4,0,56.285446
8577,0,2467.1436,138.28833,2467.1436,94.12716,8.848037E-4,8.848037E-4,0,56.3762
8594,0,2472.3396,138.4375,2472.3396,94.332756,8.863304E-4,8.863304E-4,0,56.277157
8616,0,2478.0342,138.60095,2478.0342,94.558075,8.8800327E-4,8.8800327E-4,0,56.471973
8635,0,2482.11,138.71796,2482.11,94.71936,8.892007E-4,8.892007E-4,0,55.06011
8654,0,2484.5298,138.78741,2484.5298,94.815094,8.8991167E-4,8.8991167E-4,0,54.930218
8671,0,2487.2449,138.86536,2487.2449,94.92253,8.9070934E-4,8.9070934E-4,0,55.35642
8687,0,2488.125,138.89062,2488.125,94.95735,8.909679E-4,8.909679E-4,0,55.979645
8704,0,2488.579,138.90367,2488.579,94.97533,8.911013E-4,8.911013E-4,0,56.356453
8724,0,2484.1475,138.77646,2484.1475,94.79997,8.897993E-4,8.897993E-4,0,56.340477
8744,0,2470.821,138.39389,2470.821,94.27267,8.8588416E-4,8.8588416E-4,0,55.86465
8768,0,2449.2654,137.77512,2449.2654,93.419754,8.795513E-4,8.795513E-4,0,55.98123
8784,0,2421.2498,136.97089,2421.2498,92.311226,8.713206E-4,8.713206E-4,0,55.33096
8809,0,2389.13,136.04884,2389.13,91.040306,8.618842E-4,8.618842E-4,0,53.7543
8830,0,2353.4978,135.02599,2353.4978,89.63041,8.514158E-4,8.514158E-4,0,52.516663
8847,0,2318.0068,134.00717,2318.0068,88.2261,8.409888E-4,8.409888E-4,0,53.32744
8871,0,2284.1438,133.03508,2284.1438,86.8862,8.310402E-4,8.310402E-4,0,52.151455
8888,0,2255.4097,132.21024,2255.4097,85.749245,8.2259846E-4,8.2259846E-4,0,52.156654
8908,0,2232.691,131.55806,2232.691,84.8503,8.159239E-4,8.159239E-4,0,52.937675
8929,0,2217.645,131.12616,2217.645,84.25497,8.115036E-4,8.115036E-4,0,51.78565
8953,0,2212.609,130.98158,2212.609,84.0557,8.100241E-4,8.100241E-4,0,51.117287
8973,0,2216.293,131.08734,2216.293,84.20147,8.111064E-4,8.111064E-4,0,50.848373
8992,0,2231.5042,131.524,2231.5042,84.803345,8.1557524E-4,8.1557524E-4,0,50.771927
9011,0,2253.5283,132.15622,2253.5283,85.6748,8.220457E-4,8.220457E-4,0,50.972187
9036,0,2285.2483,133.06679,2285.2483,86.9299,8.3136477E-4,8.3136477E-4,0,49.989235
9055,0,2324.628,134.19724,2324.628,88.488075,8.429341E-4,8.429341E-4,0,50.21952
9074,0,2366.1665,135.38965,2366.1665,90.13169,8.551377E-4,8.551377E-4,0,50.70024
9091,0,2411.1252,136.68025,2411.1252,91.910614,8.683461E-4,8.683461E-4,0,51.314777
9107,0,2450.7937,137.819,2450.7937,93.480225,8.800004E-4,8.800004E-4,0,51.98352
9124,0,2489.0063,138.91592,2489.0063,94.992226,8.912268E-4,8.912268E-4,0,52.629158
9141,0,2522.6184,139.8808,2522.6184,96.3222,9.0110174E-4,9.0110174E-4,0,53.347897
9158,0,2544.9646,140.52228,2544.9646,97.20639,9.0766686E-4,9.0766686E-4,0,54.02095
9174,0,2560.1104,140.95706,2560.1104,97.80568,9.121165E-4,9.121165E-4,0,55.049755
9194,0,2561.0527,140.98412,2561.0527,97.84297,9.123933E-4,9.123933E-4,0,54.719124
9218,0,2552.2627,140.73178,2552.2627,97.49516,9.098109E-4,9.098109E-4,0,53.084026
9237,0,2535.0083,140.23648,2535.0083,96.81244,9.047417E-4,9.047417E-4,0,53.27259
9254,0,2504.005,139.34648,2504.005,95.58569,8.9563325E-4,8.9563325E-4,0,53.77222
9271,0,2468.634,138.33112,2468.634,94.186134,8.8524166E-4,8.8524166E-4,0,54.276363
9287,0,2424.354,137.06,2424.354,92.43405,8.722326E-4,8.722326E-4,0,54.907837
9305,0,2375.6355,135.66147,2375.6355,90.506355,8.579197E-4,8.579197E-4,0,55.2763
9324,0,2328.0356,134.29506,2328.0356,88.62292,8.439353E-4,8.439353E-4,0,54.877823
9345,0,2276.01,132.8016,2276.01,86.56436,8.2865055E-4,8.2865055E-4,0,54.838264
9368,0,2232.214,131.54437,2232.214,84.831436,8.1578386E-4,8.1578386E-4,0,53.266747
9386,0,2190.394,130.34387,2190.394,83.176704,8.034975E-4,8.034975E-4,0,53.265812
9405,0,2155.875,129.35297,2155.875,81.810844,7.933561E-4,7.933561E-4,0,54.09209
9422,0,2133.0444,128.69759,2133.0444,80.907486,7.866487E-4,7.866487E-4,0,53.903122
9438,0,2113.0735,128.1243,2113.0735,80.11727,7.807815E-4,7.807815E-4,0,54.508686
9456,0,2102.0183,127.806946,2102.0183,79.67984,7.775336E-4,7.775336E-4,0,54.808914
9473,0,2088.8672,127.42942,2088.8672,79.15947,7.736699E-4,7.736699E-4,0,55.42676
9490,0,2080.314,127.18389,2080.314,78.82104,7.711571E-4,7.711571E-4,0,55.708664
9508,0,2077.068,127.09071,2077.068,78.692604,7.702034E-4,7.702034E-4,0,55.75484
9527,0,2070.9033,126.91374,2070.9033,78.44868,7.6839235E-4,7.6839235E-4,0,55.39107
9547,0,2073.1792,126.97908,2073.1792,78.53873,7.690609E-4,7.690609E-4,0,55.82795
9564,0,2073.3567,126.98418,2073.3567,78.54575,7.691131E-4,7.691131E-4,0,55.417072
9585,0,2079.604,127.16351,2079.604,78.792946,7.709485E-4,7.709485E-4,0,54.514095
9603,0,2089.8257,127.45694,2089.8257,79.1974,7.739515E-4,7.739515E-4,0,54.256718
9620,0,2097.4001,127.67438,2097.4001,79.49711,7.761768E-4,7.761768E-4,0,54.82041
9638,0,2112.4292,128.1058,2112.4292,80.091774,7.805922E-4,7.805922E-4,0,55.02806
9657,0,2125.0156,128.4671,2125.0156,80.5898,7.8429E-4,7.8429E-4,0,55.04065
9674,0,2143.961,129.01096,2143.961,81.339424,7.8985596E-4,7.8985596E-4,0,55.138542
9691,0,2163.5535,129.57338,2163.5535,82.11466,7.95612E-4,7.95612E-4,0,55.35042
9707,0,2178.988,130.01645,2178.988,82.72539,8.001465E-4,8.001465E-4,0,55.947727
9724,0,2199.6443,130.60942,2199.6443,83.54271,8.062151E-4,8.062151E-4,0,56.320995
9741,0,2216.0476,131.08029,2216.0476,84.191765,8.1103423E-4,8.1103423E-4,0,56.76288
9757,0,2237.8286,131.70555,2237.8286,85.0536,8.1743323E-4,8.1743323E-4,0,57.54919
9774,0,2259.4944,132.32748,2259.4944,85.910866,8.237985E-4,8.237985E-4,0,57.36711
9790,0,2276.5198,132.81622,2276.5198,86.58453,8.288004E-4,8.288004E-4,0,58.172173
9811,0,2298.296,133.44135,2298.296,87.446175,8.35198E-4,8.35198E-4,0,57.533855
9835,0,2315.5051,133.93535,2315.5051,88.127106,8.402539E-4,8.402539E-4,0,55.55054
9856,0,2337.8154,134.5758,2337.8154,89.00989,8.468084E-4,8.468084E-4,0,55.268215
9874,0,2359.2678,135.19162,2359.2678,89.85872,8.531109E-4,8.531109E-4,0,54.77243
9890,0,2375.756,135.66493,2375.756,90.51113,8.579551E-4,8.579551E-4,0,56.14312
9907,0,2395.1738,136.22235,2395.1738,91.27946,8.636598E-4,8.636598E-4,0,56.093918
9923,0,2408.8364,136.61455,2408.8364,91.82005,8.676738E-4,8.676738E-4,0,56.424725
9940,0,2426.1772,137.11234,2426.1772,92.506195,8.727682E-4,8.727682E-4,0,56.637222
9956,0,2441.3733,137.54855,2441.3733,93.107475,8.7723276E-4,8.7723276E-4,0,57.678745
9972,0,2451.7288,137.84583,2451.7288,93.51722,8.8027504E-4,8.8027504E-4,0,58.25261
9991,0,2466.1353,138.25938,2466.1353,94.08726,8.8450755E-4,8.8450755E-4,0,57.86796
10009,0,2477.3687,138.58185,2477.3687,94.531746,8.878078E-4,8.878078E-4,0,57.296165
10025,0,2494.3733,139.07,2494.3733,95.20459,8.9280354E-4,8.9280354E-4,0,57.964977
10041,0,2511.3542,139.55746,2511.3542,95.876495,8.977924E-4,8.977924E-4,0,58.265953
10057,0,2526.4348,139.99036,2526.4348,96.473206,9.0222294E-4,9.0222294E-4,0,58.796627
10076,0,2547.1746,140.58572,2547.1746,97.29383,9.083161E-4,9.083161E-4,0,58.517025
10093,0,2566.7131,141.1466,2566.7131,98.06694,9.140563E-4,9.140563E-4,0,58.489647
10108,0,2593.733,141.92224,2593.733,99.13606,9.2199445E-4,9.2199445E-4,0,58.711323
10125,0,2622.1155,142.737,2622.1155,100.25911,9.303329E-4,9.303329E-4,0,58.525974
10142,0,2650.2449,143.5445,2650.2449,101.37214,9.3859714E-4,9.3859714E-4,0,58.95957
10158,0,2683.46,144.49797,2683.46,102.68639,9.483554E-4,9.483554E-4,0,59.4749
10175,0,2715.0122,145.40372,2715.0122,103.93486,9.576251E-4,9.576251E-4,0,59.071438
10191,0,2752.238,146.47234,2752.238,105.40782,9.685616E-4,9.685616E-4,0,59.120655
10210,0,2787.6963,147.4902,2787.6963,106.81083,9.789789E-4,9.789789E-4,0,59.48213
10234,0,2820.2559,148.42487,2820.2559,108.09915,9.885447E-4,9.885447E-4,0,57.356827
10252,0,2853.354,149.375,2853.354,109.40878,9.982685E-4,9.982685E-4,0,57.057964
10269,0,2881.7166,150.18918,2881.7166,110.53104,0.0010066011,0.0010066011,0,57.3151
10286,0,2911.2913,151.03816,2911.2913,111.701256,0.0010152899,0.0010152899,0,57.47254
10303,0,2935.7717,151.7409,2935.7717,112.6699,0.001022482,0.001022482,0,57.952213
10320,0,2955.219,152.29916,2955.219,113.43939,0.0010281955,0.0010281955,0,57.880867
10337,0,2972.4158,152.79282,2972.4158,114.11984,0.0010332477,0.0010332477,0,58.093952
10354,0,2984.7175,153.14597,2984.7175,114.60659,0.0010368618,0.0010368618,0,57.981594
10374,0,2996.2617,153.47736,2996.2617,115.06338,0.0010402534,0.0010402534,0,57.81697
10390,0,3003.3574,153.68105,3003.3574,115.34414,0.0010423381,0.0010423381,0,57.96855
10407,0,3007.0554,153.7872,3007.0554,115.49046,0.0010434245,0.0010434245,0,58.00051
10424,0,3009.407,153.8547,3009.407,115.58351,0.0010441153,0.0010441153,0,57.935738
10443,0,3009.731,153.864,3009.731,115.59633,0.0010442105,0.0010442105,0,57.616516
10459,0,3010.1394,153.87573,3010.1394,115.61249,0.0010443305,0.0010443305,0,57.928146
10475,0,3009.2683,153.85072,3009.2683,115.578026,0.0010440747,0.0010440747,0,58.176613
10492,0,3008.1067,153.81738,3008.1067,115.53207,0.0010437333,0.0010437333,0,58.404373
10508,0,3007.5076,153.80017,3007.5076,115.508354,0.0010435573,0.0010435573,0,58.409344
10525,0,3007.3613,153.79599,3007.3613,115.50257,0.0010435143,0.0010435143,0,58.428562
10543,0,3010.4624,153.88501,3010.4624,115.625275,0.0010444254,0.0010444254,0,58.321236
10561,0,3019.9407,154.15709,3019.9407,116.00031,0.0010472101,0.0010472101,0,58.042553
10585,0,3035.4397,154.602,3035.4397,116.61358,0.0010517635,0.0010517635,0,56.312
10606,0,3055.581,155.18019,3055.581,117.41053,0.0010576808,0.0010576808,0,56.023407
10626,0,3078.306,155.83253,3078.306,118.309715,0.0010643571,0.0010643571,0,55.29597
10651,0,3103.3171,156.5505,3103.3171,119.299355,0.0010717053,0.0010717053,0,53.481186
10671,0,3129.0615,157.28955,3129.0615,120.31802,0.0010792686,0.0010792686,0,53.39657
10690,0,3153.9167,158.00305,3153.9167,121.30149,0.0010865708,0.0010865708,0,53.11978
10708,0,3175.235,158.61502,3175.235,122.14502,0.001092834,0.001092834,0,53.415096
10725,0,3191.3616,159.07794,3191.3616,122.78312,0.0010975718,0.0010975718,0,53.667618
10744,0,3201.5127,159.36935,3201.5127,123.18478,0.0011005541,0.0011005541,0,53.78973
10759,0,3205.944,159.49655,3205.944,123.360115,0.001101856,0.001101856,0,55.101772
10776,0,3203.6113,159.4296,3203.6113,123.26781,0.0011011707,0.0011011707,0,55.163147
10794,0,3192.1821,159.1015,3192.1821,122.81558,0.0010978129,0.0010978129,0,55.574
10810,0,3172.897,158.5479,3172.897,122.052505,0.0010921471,0.0010921471,0,56.207436
10827,0,3144.24,157.72525,3144.24,120.9186,0.0010837279,0.0010837279,0,56.46453
10847,0,3110.9116,156.76852,3110.9116,119.59986,0.0010739363,0.0010739363,0,56.390568
10869,0,3073.3389,155.68994,3073.3389,118.113174,0.0010628978,0.0010628978,0,55.04653
10886,0,3032.5884,154.52016,3032.5884,116.500755,0.0010509258,0.0010509258,0,55.106056
10904,0,2991.8293,153.35011,2991.8293,114.888,0.0010389512,0.0010389512,0,55.298496
10920,0,2948.9482,152.11916,2948.9482,113.19127,0.0010263531,0.0010263531,0,55.811447
10939,0,2911.126,151.03342,2911.126,111.69472,0.0010152414,0.0010152414,0,56.33832
10956,0,2877.6475,150.07239,2877.6475,110.37003,0.0010054057,0.0010054057,0,55.74529
10973,0,2849.7722,149.27219,2849.7722,109.26706,9.972162E-4,9.972162E-4,0,56.033115
10990,0,2828.0293,148.64801,2828.0293,108.40673,9.908284E-4,9.908284E-4,0,56.570396
11009,0,2807.97,148.07219,2807.97,107.61302,9.849352E-4,9.849352E-4,0,56.558178
11026,0,2792.5461,147.62943,2792.5461,107.00273,9.804037E-4,9.804037E-4,0,56.583263
11042,0,2779.1672,147.24536,2779.1672,106.47335,9.764732E-4,9.764732E-4,0,57.166687
11059,0,2767.7402,146.91736,2767.7402,106.02121,9.73116E-4,9.73116E-4,0,57.578815
11083,0,2757.9873,146.63737,2757.9873,105.63531,9.702508E-4,9.702508E-4,0,56.389175
11100,0,2748.702,146.37082,2748.702,105.26789,9.6752285E-4,9.6752285E-4,0,55.65368
11116,0,2743.28,146.21518,2743.28,105.05337,9.6592994E-4,9.6592994E-4,0,56.238888
11134,0,2740.39,146.13222,2740.39,104.93901,9.650808E-4,9.650808E-4,0,57.296394
11151,0,2738.7083,146.08395,2738.7083,104.87247,9.6458674E-4,9.6458674E-4,0,56.760178
11168,0,2738.3801,146.07452,2738.3801,104.85948,9.6449035E-4,9.6449035E-4,0,57.033165
11188,0,2738.9512,146.09091,2738.9512,104.88208,9.646581E-4,9.646581E-4,0,56.139854
11206,0,2742.035,146.17944,2742.035,105.0041,9.6556416E-4,9.6556416E-4,0,56.02135
11225,0,2747.8657,146.34683,2747.8657,105.23481,9.672771E-4,9.672771E-4,0,56.72247
11243,0,2759.1072,146.66953,2759.1072,105.67962,9.705798E-4,9.705798E-4,0,56.613346
11260,0,2775.9197,147.15216,2775.9197,106.34486,9.7551907E-4,9.7551907E-4,0,56.866344
11276,0,2798.5208,147.80093,2798.5208,107.239136,9.82159E-4,9.82159E-4,0,57.516598
11293,0,2825.859,148.58572,2825.859,108.320854,9.901908E-4,9.901908E-4,0,56.661564
11309,0,2856.4321,149.46336,2856.4321,109.53058,9.991728E-4,9.991728E-4,0,57.210354
11326,0,2887.3875,150.35197,2887.3875,110.755424,0.0010082673,0.0010082673,0,57.677692
11342,0,2916.3748,151.1841,2916.3748,111.9024,0.0010167834,0.0010167834,0,58.206734
11359,0,2944.0889,151.97968,2944.0889,112.999,0.0010249256,0.0010249256,0,58.136284
11375,0,2967.987,152.66568,2967.987,113.9446,0.0010319466,0.0010319466,0,57.9353
11392,0,2986.4802,153.19656,2986.4802,114.67634,0.0010373797,0.0010373797,0,58.456444
11410,0,2998.5977,153.5444,2998.5977,115.15581,0.0010409396,0.0010409396,0,58.464733
11427,0,3003.349,153.68082,3003.349,115.34381,0.0010423356,0.0010423356,0,58.38388
11443,0,3002.6643,153.66115,3002.6643,115.31671,0.0010421344,0.0010421344,0,58.826767
11460,0,2997.2158,153.50473,2997.2158,115.10113,0.0010405337,0.0010405337,0,58.651558
11477,0,2987.163,153.21616,2987.163,114.70336,0.0010375803,0.0010375803,0,58.466576
11494,0,2974.2075,152.84427,2974.2075,114.190735,0.0010337741,0.0010337741,0,60.110054
11511,0,2959.569,152.42404,2959.569,113.61152,0.0010294735,0.0010294735,0,59.407177
11533,0,2944.9575,152.00461,2944.9575,113.03336,0.0010251808,0.0010251808,0,57.70769
11552,0,2930.1797,151.58038,2930.1797,112.44864,0.0010208392,0.0010208392,0,57.363045
11570,0,2917.3188,151.21118,2917.3188,111.93975,0.0010170607,0.0010170607,0,57.15549
11590,0,2908.6218,150.96153,2908.6218,111.59563,0.0010145056,0.0010145056,0,56.72519
11607,0,2905.1199,150.86101,2905.1199,111.45706,0.0010134769,0.0010134769,0,56.301052
11623,0,2909.3364,150.98206,2909.3364,111.6239,0.0010147156,0.0010147156,0,57.762188
11642,0,2918.5547,151.24667,2918.5547,111.988655,0.0010174238,0.0010174238,0,57.22273
11659,0,2935.104,151.72174,2935.104,112.64348,0.0010222858,0.0010222858,0,57.08988
11677,0,2963.281,152.53061,2963.281,113.75839,0.001030564,0.001030564,0,57.058025
11694,0,3001.37,153.624,3001.37,115.26551,0.0010417543,0.0010417543,0,57.126896
11710,0,3052.7395,155.09862,3052.7395,117.298096,0.001056846,0.001056846,0,58.211346
11731,0,3109.4678,156.72708,3109.4678,119.542725,0.0010735122,0.0010735122,0,57.422775
11747,0,3171.25,158.50061,3171.25,121.98734,0.0010916631,0.0010916631,0,56.99033
11769,0,3236.04,160.3605,3236.04,124.55096,0.0011106979,0.0011106979,0,55.94838
11786,0,3298.8496,162.16353,3298.8496,127.03621,0.0011291507,0.0011291507,0,55.988274
11804,0,3363.5166,164.01987,3363.5166,129.59497,0.0011481493,0.0011481493,0,56.269245
11825,0,3419.6973,165.63263,3419.6973,131.81793,0.0011646545,0.0011646545,0,55.189774
11842,0,3467.746,167.01192,3467.746,133.71913,0.0011787708,0.0011787708,0,55.673195
11858,0,3506.5342,168.1254,3506.5342,135.2539,0.0011901663,0.0011901663,0,56.84816
11876,0,3534.3452,168.92374,3534.3452,136.35432,0.001198337,0.001198337,0,56.46966
11893,0,3557.4832,169.58794,3557.4832,137.26985,0.0012051347,0.0012051347,0,56.429157
11914,0,3572.3455,170.01459,3572.3455,137.85794,0.0012095011,0.0012095011,0,56.551483
11928,0,3581.9834,170.29124,3581.9834,138.23929,0.0012123325,0.0012123325,0,56.710686
11950,0,3587.7466,170.45668,3587.7466,138.46732,0.0012140258,0.0012140258,0,55.661026
11972,0,3590.5178,170.53624,3590.5178,138.57698,0.0012148399,0.0012148399,0,55.05612
11989,0,3593.247,170.6146,3593.247,138.68497,0.0012156416,0.0012156416,0,54.836388
12008,0,3591.9902,170.5785,3591.9902,138.63524,0.0012152725,0.0012152725,0,54.729416
12025,0,3590.141,170.52542,3590.141,138.56207,0.0012147293,0.0012147293,0,55.521706
12042,0,3589.7593,170.51447,3589.7593,138.54697,0.001214617,0.001214617,0,55.525074
12057,0,3591.5588,170.56613,3591.5588,138.61818,0.0012151457,0.0012151457,0,56.627098
12074,0,3597.8691,170.74728,3597.8691,138.86786,0.0012169996,0.0012169996,0,57.172485
12090,0,3605.3474,170.96194,3605.3474,139.16376,0.0012191966,0.0012191966,0,57.12204
12107,0,3614.8252,171.23401,3614.8252,139.53877,0.0012219811,0.0012219811,0,57.367004
12123,0,3619.878,171.37906,3619.878,139.73871,0.0012234655,0.0012234655,0,58.074505
12140,0,3619.3208,171.36307,3619.3208,139.71666,0.0012233019,0.0012233019,0,58.38509
12156,0,3614.7188,171.23096,3614.7188,139.53456,0.0012219498,0.0012219498,0,58.25086
12174,0,3604.2754,170.93117,3604.2754,139.12134,0.0012188817,0.0012188817,0,58.180992
12190,0,3590.2944,170.52982,3590.2944,138.56813,0.0012147742,0.0012147742,0,58.406796
12211,0,3574.7996,170.08502,3574.7996,137.95503,0.001210222,0.001210222,0,58.059776
12234,0,3559.4036,169.64307,3559.4036,137.34586,0.0012056988,0.0012056988,0,56.16564
12253,0,3544.7349,169.22198,3544.7349,136.76544,0.0012013894,0.0012013894,0,55.715046
12270,0,3531.299,168.83629,3531.299,136.2338,0.001197442,0.001197442,0,56.315758
12287,0,3520.803,168.53499,3520.803,135.8185,0.0011943583,0.0011943583,0,56.588493
12304,0,3514.325,168.34903,3514.325,135.56216,0.0011924552,0.0011924552,0,56.663555
12324,0,3512.2075,168.28824,3512.2075,135.4784,0.001191833,0.001191833,0,56.595367
12341,0,3510.779,168.24722,3510.779,135.42186,0.0011914135,0.0011914135,0,56.09767
12358,0,3506.3235,168.11932,3506.3235,135.24556,0.0011901044,0.0011901044,0,56.517494
12375,0,3498.1729,167.88536,3498.1729,134.92307,0.0011877099,0.0011877099,0,56.880955
12392,0,3487.2944,167.57309,3487.2944,134.49263,0.0011845139,0.0011845139,0,56.891857
12409,0,3473.5664,167.17899,3473.5664,133.94942,0.0011804807,0.0011804807,0,56.963276
12428,0,3454.774,166.63954,3454.774,133.20586,0.0011749597,0.0011749597,0,56.58275
12452,0,3433.8225,166.0381,3433.8225,132.37685,0.0011688044,0.0011688044,0,55.501476
12469,0,3408.1816,165.30205,3408.1816,131.36227,0.0011612714,0.0011612714,0,55.173733
12487,0,3380.391,164.50429,3380.391,130.26266,0.0011531068,0.0011531068,0,55.31239
12506,0,3350.4963,163.64612,3350.4963,129.07977,0.001144324,0.001144324,0,55.77499
12523,0,3314.7014,162.61856,3314.7014,127.66344,0.0011338078,0.0011338078,0,55.14368
12540,0,3278.1584,161.56955,3278.1584,126.2175,0.0011230719,0.0011230719,0,55.51918
12558,0,3239.04,160.44662,3239.04,124.66966,0.0011115792,0.0011115792,0,55.692253
12576,0,3204.7017,159.46088,3204.7017,123.31095,0.0011014909,0.0011014909,0,55.567
12600,0,3173.3804,158.56177,3173.3804,122.07163,0.0010922891,0.0010922891,0,55.84965
12615,0,3150.1094,157.89375,3150.1094,121.15085,0.0010854523,0.0010854523,0,54.954845
12636,0,3129.8088,157.31099,3129.8088,120.34758,0.0010794882,0.0010794882,0,54.240364
12652,0,3113.701,156.8486,3113.701,119.71023,0.0010747558,0.0010747558,0,54.85637
12669,0,3101.3018,156.49266,3101.3018,119.21961,0.0010711132,0.0010711132,0,55.612926
12686,0,3091.2217,156.20331,3091.2217,118.82076,0.0010681517,0.0010681517,0,55.823788
12702,0,3086.0955,156.05615,3086.0955,118.61793,0.0010666457,0.0010666457,0,56.3927
12722,0,3080.5325,155.89645,3080.5325,118.39782,0.0010650114,0.0010650114,0,56.423145
12740,0,3077.859,155.8197,3077.859,118.29202,0.0010642258,0.0010642258,0,55.752182
12759,0,3073.8972,155.70598,3073.8972,118.13527,0.001063062,0.001063062,0,56.358402
12774,0,3071.1323,155.62662,3071.1323,118.02587,0.0010622496,0.0010622496,0,56.856186
12792,0,3071.0007,155.62283,3071.0007,118.02065,0.001062211,0.001062211,0,56.472107
12808,0,3068.625,155.55463,3068.625,117.92666,0.001061513,0.001061513,0,56.572247
12830,0,3071.4602,155.63602,3071.4602,118.03884,0.001062346,0.001062346,0,56.677757
12847,0,3071.7507,155.64435,3071.7507,118.05033,0.0010624313,0.0010624313,0,56.0998
12867,0,3076.6577,155.78522,3076.6577,118.24449,0.001063873,0.001063873,0,55.16854
12888,0,3085.345,156.0346,3085.345,118.588234,0.0010664251,0.0010664251,0,55.059307
12906,0,3093.0093,156.25461,3093.0093,118.891495,0.0010686768,0.0010686768,0,54.248104
12926,0,3110.1345,156.74622,3110.1345,119.569115,0.0010737081,0.0010737081,0,54.64429
12951,0,3125.3037,157.18167,3125.3037,120.16933,0.0010781647,0.0010781647,0,52.86808
12971,0,3148.3137,157.8422,3148.3137,121.07979,0.0010849247,0.0010849247,0,52.654713
12989,0,3175.847,158.63257,3175.847,122.16923,0.0010930137,0.0010930137,0,52.842743
13006,0,3203.381,159.42297,3203.381,123.258705,0.001101103,0.001101103,0,53.427063
13023,0,3241.1157,160.5062,3241.1157,124.75179,0.001112189,0.001112189,0,54.24652
13038,0,3272.99,161.4212,3272.99,126.01299,0.0011215534,0.0011215534,0,55.364452
13056,0,3308.2002,162.43195,3308.2002,127.4062,0.0011318978,0.0011318978,0,55.343403
13072,0,3342.6965,163.42221,3342.6965,128.77115,0.0011420326,0.0011420326,0,55.71548
13089,0,3371.5679,164.251,3371.5679,129.91354,0.0011505146,0.0011505146,0,56.18425
13106,0,3404.1787,165.18713,3404.1787,131.20389,0.0011600953,0.0011600953,0,56.556408
13127,0,3426.784,165.83604,3426.784,132.09833,0.0011667365,0.0011667365,0,56.98969
13143,0,3447.197,166.42203,3447.197,132.90605,0.0011727336,0.0011727336,0,57.055336
13167,0,3464.095,166.9071,3464.095,133.57466,0.001177698,0.001177698,0,55.038483
13185,0,3471.3508,167.1154,3471.3508,133.86177,0.0011798298,0.0011798298,0,54.878643
13203,0,3477.2927,167.28596,3477.2927,134.09688,0.0011815755,0.0011815755,0,55.36272
13220,0,3471.3418,167.11514,3471.3418,133.8614,0.0011798271,0.0011798271,0,55.348972
13238,0,3458.5288,166.74731,3458.5288,133.35442,0.0011760629,0.0011760629,0,55.71865
13261,0,3441.1382,166.24811,3441.1382,132.6663,0.0011709536,0.0011709536,0,55.266914
13284,0,3409.7627,165.34744,3409.7627,131.42484,0.0011617359,0.0011617359,0,53.461613
13303,0,3372.4072,164.27509,3372.4072,129.94675,0.0011507611,0.0011507611,0,53.310505
13319,0,3323.0835,162.85919,3323.0835,127.9951,0.0011362704,0.0011362704,0,54.379738
13336,0,3264.2178,161.16937,3264.2178,125.6659,0.0011189763,0.0011189763,0,54.459225
13353,0,3206.1062,159.5012,3206.1062,123.36653,0.0011019036,0.0011019036,0,55.248734
13371,0,3138.864,157.57092,3138.864,120.70588,0.0010821485,0.0010821485,0,55.05292
13390,0,3070.8079,155.6173,3070.8079,118.01302,0.0010621543,0.0010621543,0,55.34239
13409,0,2999.3135,153.56496,2999.3135,115.18413,0.00104115,0.00104115,0,54.962757
13429,0,2924.0952,151.40572,2924.0952,112.20788,0.0010190516,0.0010190516,0,54.727894
13449,0,2858.4077,149.52008,2858.4077,109.60875,9.997532E-4,9.997532E-4,0,53.719166
13468,0,2791.0886,147.58759,2791.0886,106.94506,9.799756E-4,9.799756E-4,0,53.61683
13486,0,2729.2715,145.81305,2729.2715,104.49908,9.618143E-4,9.618143E-4,0,54.0475
13504,0,2673.8457,144.22198,2673.8457,102.30598,9.4553083E-4,9.4553083E-4,0,54.065323
13521,0,2622.2527,142.74094,2622.2527,100.264534,9.303732E-4,9.303732E-4,0,54.797962
13540,0,2585.984,141.6998,2585.984,98.82945,9.1971783E-4,9.1971783E-4,0,55.041424
13558,0,2553.7607,140.77478,2553.7607,97.554436,9.1025105E-4,9.1025105E-4,0,54.606743
13575,0,2528.9114,140.06146,2528.9114,96.5712,9.0295053E-4,9.0295053E-4,0,54.856495
13591,0,2506.632,139.4219,2506.632,95.68965,8.964051E-4,8.964051E-4,0,55.862595
13612,0,2482.5474,138.73053,2482.5474,94.736664,8.8932924E-4,8.8932924E-4,0,55.69713
13627,0,2465.6692,138.246,2465.6692,94.068825,8.843705E-4,8.843705E-4,0,55.802357
13649,0,2445.5505,137.66849,2445.5505,93.272766,8.7846E-4,8.7846E-4,0,54.558346
13670,0,2425.5356,137.09393,2425.5356,92.48081,8.7257975E-4,8.7257975E-4,0,54.266464
13690,0,2399.6965,136.35217,2399.6965,91.45841,8.6498854E-4,8.6498854E-4,0,53.84433
13706,0,2366.861,135.40959,2366.861,90.159164,8.553418E-4,8.553418E-4,0,54.384018
13724,0,2339.4753,134.62344,2339.4753,89.07556,8.472961E-4,8.472961E-4,0,54.733536
13740,0,2312.4106,133.84653,2312.4106,88.00467,8.393447E-4,8.393447E-4,0,55.26503
13760,0,2291.2922,133.2403,2291.2922,87.169044,8.3314034E-4,8.3314034E-4,0,55.451412
13777,0,2270.185,132.63438,2270.185,86.33388,8.2693936E-4,8.2693936E-4,0,55.413177
13799,0,2249.023,132.0269,2249.023,85.49654,8.207221E-4,8.207221E-4,0,54.110577
13818,0,2234.52,131.61057,2234.52,84.922676,8.164613E-4,8.164613E-4,0,54.0052
13835,0,2219.3313,131.17456,2219.3313,84.32169,8.1199897E-4,8.1199897E-4,0,54.275368
13853,0,2207.4773,130.83427,2207.4773,83.852646,8.085164E-4,8.085164E-4,0,54.849136
13869,0,2193.5056,130.4332,2193.5056,83.29981,8.044116E-4,8.044116E-4,0,55.64029
13886,0,2177.4229,129.97153,2177.4229,82.66345,7.9968676E-4,7.9968676E-4,0,55.996277
13902,0,2164.6567,129.60506,2164.6567,82.15832,7.959362E-4,7.959362E-4,0,56.509323
13918,0,2149.41,129.16737,2149.41,81.55503,7.914568E-4,7.914568E-4,0,56.834244
13935,0,2135.416,128.76567,2135.416,81.00133,7.873456E-4,7.873456E-4,0,56.935074
13957,0,2120.6443,128.34163,2120.6443,80.41683,7.8300573E-4,7.8300573E-4,0,57.07205
13975,0,2106.0212,127.92185,2106.0212,79.838234,7.7870965E-4,7.7870965E-4,0,56.11225
13991,0,2095.5776,127.622055,2095.5776,79.424995,7.756414E-4,7.756414E-4,0,56.678864
14007,0,2085.304,127.32713,2085.304,79.018486,7.726231E-4,7.726231E-4,0,56.981842
14025,0,2077.616,127.10644,2077.616,78.71428,7.703644E-4,7.703644E-4,0,56.54664
14042,0,2069.9558,126.88655,2069.9558,78.41119,7.68114E-4,7.68114E-4,0,56.947483
14062,0,2062.8926,126.683784,2062.8926,78.13171,7.660388E-4,7.660388E-4,0,57.240208
14076,0,2058.4329,126.55576,2058.4329,77.95524,7.6472864E-4,7.6472864E-4,0,57.936954
14092,0,2054.526,126.4436,2054.526,77.80065,7.635808E-4,7.635808E-4,0,57.866764
14109,0,2052.1348,126.37497,2052.1348,77.70604,7.6287834E-4,7.6287834E-4,0,57.83106
14129,0,2050.3374,126.32338,2050.3374,77.634926,7.623503E-4,7.623503E-4,0,57.32751
14144,0,2049.6384,126.303314,2049.6384,77.60726,7.621449E-4,7.621449E-4,0,57.8299
14167,0,2048.113,126.25952,2048.113,77.546906,7.6169684E-4,7.6169684E-4,0,56.49485
14185,0,2043.5792,126.12937,2043.5792,77.36751,7.603648E-4,7.603648E-4,0,56.163834
14202,0,2036.1285,125.91549,2036.1285,77.0727,7.5817585E-4,7.5817585E-4,0,56.70732
14219,0,2026.6547,125.64353,2026.6547,76.697845,7.553926E-4,7.553926E-4,0,57.099445
14236,0,2015.6008,125.32622,2015.6008,76.26047,7.521451E-4,7.521451E-4,0,56.963634
14253,0,2003.8181,124.987976,2003.8181,75.79424,7.4816926E-4,7.4816926E-4,0,57.51801
14272,0,1992.1699,124.6536,1992.1699,75.33334,7.44074E-4,7.44074E-4,0,57.47528
14290,0,1980.8607,124.32896,1980.8607,74.88586,7.400542E-4,7.400542E-4,0,56.897655
14307,0,1971.9331,124.07268,1971.9331,74.532616,7.367446E-4,7.367446E-4,0,56.73399
14325,0,1965.3739,123.884384,1965.3739,74.27307,7.342504E-4,7.342504E-4,0,56.97902
14354,0,1961.2587,123.76625,1961.2587,74.110245,7.326135E-4,7.326135E-4,0,54.891754
14371,0,1961.3326,123.76838,1961.3326,74.11317,7.323566E-4,7.323566E-4,0,54.624054
14391,0,1963.3689,123.82683,1963.3689,74.19374,7.3291315E-4,7.3291315E-4,0,54.927895
14408,0,1965.0978,123.876465,1965.0978,74.26215,7.3342276E-4,7.3342276E-4,0,54.56247
14425,0,1964.5648,123.86116,1964.5648,74.241066,7.3326565E-4,7.3326565E-4,0,55.113792
14441,0,1961.3724,123.769516,1961.3724,74.11474,7.3232467E-4,7.3232467E-4,0,55.842987
14461,0,1958.0479,123.67409,1958.0479,73.9832,7.313392E-4,7.313392E-4,0,55.730892
14476,0,1952.3235,123.50976,1952.3235,73.75669,7.294837E-4,7.294837E-4,0,55.999603
14493,0,1947.7388,123.37814,1947.7388,73.57529,7.2781515E-4,7.2781515E-4,0,56.342773
14517,0,1943.0056,123.24228,1943.0056,73.388,7.2613393E-4,7.2613393E-4,0,54.867607
14535,0,1937.8878,123.09537,1937.8878,73.1855,7.243365E-4,7.243365E-4,0,54.897045
14552,0,1935.6061,123.02986,1935.6061,73.095215,7.233552E-4,7.233552E-4,0,55.313892
14569,0,1933.12,122.958496,1933.12,72.99685,7.224534E-4,7.224534E-4,0,55.70027
14586,0,1934.675,123.003136,1934.675,73.05837,7.2275783E-4,7.2275783E-4,0,55.82189
14603,0,1938.0746,123.10072,1938.0746,73.192894,7.2376133E-4,7.2376133E-4,0,56.037888
14621,0,1942.6608,123.232376,1942.6608,73.37436,7.251151E-4,7.251151E-4,0,56.390865
14639,0,1953.0168,123.52966,1953.0168,73.78413,7.2817213E-4,7.2817213E-4,0,56.255253
14656,0,1964.0231,123.84561,1964.0231,74.21963,7.314211E-4,7.314211E-4,0,56.299202
14674,0,1980.0878,124.30677,1980.0878,74.85528,7.3616323E-4,7.3616323E-4,0,57.01893
14690,0,1997.1356,124.79614,1997.1356,75.52982,7.4119563E-4,7.4119563E-4,0,57.540455
14706,0,2012.6919,125.242714,2012.6919,76.14536,7.457877E-4,7.457877E-4,0,57.206535
14726,0,2031.2041,125.77413,2031.2041,76.87785,7.5125234E-4,7.5125234E-4,0,57.06565
14750,0,2045.4531,126.18317,2045.4531,77.44166,7.5545855E-4,7.5545855E-4,0,55.256023
14770,0,2060.6577,126.61963,2060.6577,78.043274,7.599468E-4,7.599468E-4,0,55.39674
14788,0,2071.969,126.944336,2071.969,78.490845,7.632858E-4,7.632858E-4,0,54.8245
14804,0,2077.6726,127.10806,2077.6726,78.71652,7.6496945E-4,7.6496945E-4,0,55.386364
14822,0,2082.5005,127.24666,2082.5005,78.907555,7.663946E-4,7.663946E-4,0,55.512592
14840,0,2080.1035,127.17785,2080.1035,78.81271,7.6568703E-4,7.6568703E-4,0,55.546986
14856,0,2079.6821,127.16576,2079.6821,78.796036,7.6556264E-4,7.6556264E-4,0,56.181526
14874,0,2077.5823,127.10547,2077.5823,78.71295,7.649428E-4,7.649428E-4,0,56.057373
14895,0,2073.059,126.97563,2073.059,78.53397,7.6360756E-4,7.6360756E-4,0,56.35226
14909,0,2071.1665,126.9213,2071.1665,78.45909,7.630489E-4,7.630489E-4,0,56.655502
14926,0,2066.0417,126.774185,2066.0417,78.25632,7.615361E-4,7.615361E-4,0,56.444912
14944,0,2065.0496,126.745705,2065.0496,78.21706,7.612432E-4,7.612432E-4,0,56.402733
14966,0,2064.648,126.73418,2064.648,78.201164,7.6112465E-4,7.6112465E-4,0,55.181236
14987,0,2063.4722,126.700424,2063.4722,78.15464,7.607776E-4,7.607776E-4,0,54.824654
15004,0,2067.0405,126.80286,2067.0405,78.29583,7.6183095E-4,7.6183095E-4,0,54.94604
15022,0,2069.5996,126.87632,2069.5996,78.39709,7.6258637E-4,7.6258637E-4,0,55.254578
15038,0,2077.8884,127.11426,2077.8884,78.72507,7.650331E-4,7.650331E-4,0,55.77192
15055,0,2088.7659,127.42651,2088.7659,79.155464,7.682441E-4,7.682441E-4,0,56.03704
15075,0,2100.096,127.751755,2100.096,79.603775,7.7158865E-4,7.7158865E-4,0,56.1762
15099,0,2118.7886,128.28836,2118.7886,80.34341,7.771065E-4,7.771065E-4,0,54.230133
15120,0,2138.6868,128.85956,2138.6868,81.13074,7.829803E-4,7.829803E-4,0,54.14757
15138,0,2164.992,129.61469,2164.992,82.171585,7.9074537E-4,7.9074537E-4,0,54.067352
15155,0,2194.907,130.47343,2194.907,83.35527,7.9957605E-4,7.9957605E-4,0,54.152794
15172,0,2223.0247,131.28058,2223.0247,84.467834,8.078761E-4,8.078761E-4,0,54.820145
15191,0,2255.9365,132.22536,2255.9365,85.770096,8.1759144E-4,8.1759144E-4,0,54.966995
15207,0,2287.0808,133.1194,2287.0808,87.00241,8.26785E-4,8.26785E-4,0,55.369347
15224,0,2320.4038,134.07597,2320.4038,88.32094,8.366217E-4,8.366217E-4,0,55.516117
15242,0,2353.955,135.03912,2353.955,89.648506,8.465257E-4,8.465257E-4,0,55.926098
15258,0,2381.687,135.83519,2381.687,90.745804,8.547119E-4,8.547119E-4,0,56.726665
15276,0,2410.4224,136.66008,2410.4224,91.88281,8.6319435E-4,8.6319435E-4,0,56.21001
15302,0,2434.5654,137.35313,2434.5654,92.8381,8.7032124E-4,8.7032124E-4,0,54.81947
15322,0,2457.9768,138.02518,2457.9768,93.76444,8.7723206E-4,8.7723206E-4,0,53.818348
15339,0,2479.9265,138.65527,2479.9265,94.63296,8.8371144E-4,8.8371144E-4,0,54.75918
15356,0,2495.3699,139.0986,2495.3699,95.244026,8.8827015E-4,8.8827015E-4,0,54.805325
15373,0,2510.9165,139.54489,2510.9165,95.85918,8.9285936E-4,8.9285936E-4,0,55.05325
15390,0,2522.4783,139.87679,2522.4783,96.31664,8.962723E-4,8.962723E-4,0,55.420944
15407,0,2534.6033,140.22485,2534.6033,96.79642,8.9985156E-4,8.9985156E-4,0,55.84313
15424,0,2547.107,140.58377,2547.107,97.29116,9.035425E-4,9.035425E-4,0,56.015415
15441,0,2555.9036,140.8363,2555.9036,97.63923,9.061392E-4,9.061392E-4,0,56.79104
15462,0,2567.0388,141.15594,2567.0388,98.07983,9.0942625E-4,9.0942625E-4,0,56.609585
15481,0,2576.7346,141.43428,2576.7346,98.46347,9.122883E-4,9.122883E-4,0,56.480263
15496,0,2589.556,141.80234,2589.556,98.97079,9.1607304E-4,9.1607304E-4,0,55.853256
15522,0,2604.4556,142.23004,2604.4556,99.56034,9.204713E-4,9.204713E-4,0,54.574753
15539,0,2615.31,142.54164,2615.31,99.98983,9.236754E-4,9.236754E-4,0,54.1599
15557,0,2624.9797,142.81921,2624.9797,100.372444,9.2652993E-4,9.2652993E-4,0,54.468777
15577,0,2629.2258,142.94112,2629.2258,100.54045,9.2778326E-4,9.2778326E-4,0,54.679863
15594,0,2632.791,143.04346,2632.791,100.68152,9.2883565E-4,9.2883565E-4,0,55.764984
15613,0,2634.2441,143.08517,2634.2441,100.73901,9.292647E-4,9.292647E-4,0,55.530987
15626,0,2631.7273,143.01292,2631.7273,100.639435,9.2852174E-4,9.2852174E-4,0,55.729107
15642,0,2629.283,142.94275,2629.283,100.54271,9.2780014E-4,9.2780014E-4,0,56.701046
15661,0,2623.7295,142.78333,2623.7295,100.32297,9.2616084E-4,9.2616084E-4,0,56.664955
15683,0,2619.9966,142.67618,2619.9966,100.17527,9.2505885E-4,9.2505885E-4,0,55.179893
15701,0,2616.3992,142.5729,2616.3992,100.03292,9.2399697E-4,9.2399697E-4,0,55.077377
15719,0,2612.0781,142.44885,2612.0781,99.861946,9.2272146E-4,9.2272146E-4,0,55.41892
15736,0,2609.9238,142.38702,2609.9238,99.77671,9.220855E-4,9.220855E-4,0,55.89552
15756,0,2607.1963,142.30872,2607.1963,99.66878,9.2128036E-4,9.2128036E-4,0,55.76205
15774,0,2608.5474,142.3475,2608.5474,99.722244,9.216792E-4,9.216792E-4,0,54.92476
15790,0,2611.941,142.44493,2611.941,99.85652,9.226809E-4,9.226809E-4,0,56.39471
15807,0,2616.3223,142.57071,2616.3223,100.029884,9.2397426E-4,9.2397426E-4,0,56.54924
15824,0,2623.538,142.77783,2623.538,100.3154,9.261043E-4,9.261043E-4,0,57.399773
15840,0,2630.6743,142.9827,2630.6743,100.59776,9.282109E-4,9.282109E-4,0,57.55307
15858,0,2639.761,143.24353,2639.761,100.957306,9.3089323E-4,9.3089323E-4,0,56.81507
15876,0,2648.6372,143.49834,2648.6372,101.308525,9.3351334E-4,9.3351334E-4,0,57.42006
15899,0,2656.2817,143.71779,2656.2817,101.611,9.3577E-4,9.3577E-4,0,55.71635
15918,0,2663.551,143.92645,2663.551,101.898636,9.379158E-4,9.379158E-4,0,55.512554
15935,0,2668.6897,144.07397,2668.6897,102.10197,9.394327E-4,9.394327E-4,0,55.652576
15951,0,2672.2637,144.17657,2672.2637,102.24338,9.4048766E-4,9.4048766E-4,0,56.55402
15971,0,2673.46,144.2109,2673.46,102.29072,9.4084087E-4,9.4084087E-4,0,56.39501
15989,0,2670.7117,144.13202,2670.7117,102.18197,9.400295E-4,9.400295E-4,0,55.732933
16008,0,2661.7817,143.87567,2661.7817,101.82863,9.373935E-4,9.373935E-4,0,55.473946
16024,0,2648.5771,143.49661,2648.5771,101.306145,9.3349564E-4,9.3349564E-4,0,56.137268
16041,0,2630.4504,142.97626,2630.4504,100.58891,9.2814484E-4,9.2814484E-4,0,56.74696
16059,0,2611.288,142.42618,2611.288,99.83069,9.224882E-4,9.224882E-4,0,56.94593
16079,0,2592.6184,141.89026,2592.6184,99.091965,9.1697706E-4,9.1697706E-4,0,56.33305
16094,0,2573.2815,141.33516,2573.2815,98.326836,9.1126905E-4,9.1126905E-4,0,57.11072
16116,0,2560.2688,140.96161,2560.2688,97.81195,9.074278E-4,9.074278E-4,0,55.550545
16134,0,2550.1,140.66971,2550.1,97.4096,9.0442604E-4,9.0442604E-4,0,55.484024
16154,0,2549.5137,140.65286,2549.5137,97.38639,9.042529E-4,9.042529E-4,0,55.737236
16170,0,2557.16,140.87238,2557.16,97.688934,9.0651005E-4,9.0651005E-4,0,55.697342
16187,0,2571.37,141.28029,2571.37,98.251205,9.107048E-4,9.107048E-4,0,55.77351
16204,0,2598.7893,142.06738,2598.7893,99.33613,9.187987E-4,9.187987E-4,0,56.48221
16220,0,2631.4634,143.00534,2631.4634,100.62899,9.284438E-4,9.284438E-4,0,56.813614
16238,0,2675.086,144.25758,2675.086,102.35505,9.4132085E-4,9.4132085E-4,0,56.85984
16255,0,2723.9988,145.6617,2723.9988,104.29044,9.5575943E-4,9.5575943E-4,0,56.852325
16272,0,2775.7395,147.14697,2775.7395,106.33773,9.710329E-4,9.710329E-4,0,57.093334
16288,0,2833.9668,148.81847,2833.9668,108.64167,9.882211E-4,9.882211E-4,0,57.73106
16305,0,2887.419,150.35287,2887.419,110.75667,0.0010039996,0.0010039996,0,57.59461
16321,0,2940.1035,151.86526,2940.1035,112.8413,0.0010195518,0.0010195518,0,58.795563
16338,0,2986.63,153.20087,2986.63,114.68226,0.0010332859,0.0010332859,0,58.43485
16356,0,3022.977,154.24425,3022.977,116.12045,0.0010440153,0.0010440153,0,58.969143
16372,0,3053.1562,155.11058,3053.1562,117.31458,0.001052924,0.001052924,0,58.94134
16392,0,3067.3364,155.51764,3067.3364,117.87567,0.0010571098,0.0010571098,0,58.295277
16416,0,3070.1418,155.59818,3070.1418,117.98668,0.001057938,0.001057938,0,56.233833
16434,0,3064.2603,155.42934,3064.2603,117.75395,0.0010562018,0.0010562018,0,56.05935
16451,0,3045.4272,154.8887,3045.4272,117.008766,0.0010506423,0.0010506423,0,56.853386
16468,0,3021.5056,154.20201,3021.5056,116.06223,0.0010435809,0.0010435809,0,56.9274
16485,0,2986.3079,153.19162,2986.3079,114.66952,0.0010331909,0.0010331909,0,57.163685
16502,0,2944.6716,151.9964,2944.6716,113.02206,0.0010209002,0.0010209002,0,57.319683
16518,0,2902.736,150.79257,2902.736,111.36275,0.0010085212,0.0010085212,0,57.66783
16536,0,2851.9766,149.33545,2851.9766,109.35428,9.935374E-4,9.935374E-4,0,57.916805
16554,0,2801.9785,147.9002,2801.9785,107.37595,9.787785E-4,9.787785E-4,0,57.381107
16571,0,2748.4153,146.36261,2748.4153,105.25655,9.6296705E-4,9.6296705E-4,0,57.45569
16588,0,2694.8223,144.82414,2694.8223,103.13598,9.471468E-4,9.471468E-4,0,57.56108
16607,0,2649.366,143.51926,2649.366,101.337364,9.337285E-4,9.337285E-4,0,57.659813
16623,0,2601.7627,142.15274,2601.7627,99.45379,9.196764E-4,9.196764E-4,0,58.138966
16639,0,2560.6248,140.97183,2560.6248,97.826035,9.0753287E-4,9.0753287E-4,0,58.354385
16656,0,2517.8958,139.74524,2517.8958,96.13533,8.949196E-4,8.949196E-4,0,58.048737
16672,0,2475.1318,138.51764,2475.1318,94.44324,8.8229607E-4,8.8229607E-4,0,58.44252
16694,0,2440.2195,137.51544,2440.2195,93.06182,8.719902E-4,8.719902E-4,0,57.69426
16708,0,2401.8503,136.414,2401.8503,91.54363,8.60664E-4,8.60664E-4,0,57.981728
16726,0,2368.9897,135.4707,2368.9897,90.24339,8.509638E-4,8.509638E-4,0,57.915604
16748,0,2334.506,134.4808,2334.506,88.878944,8.407845E-4,8.407845E-4,0,56.460342
16768,0,2301.0808,133.52129,2301.0808,87.556366,8.309177E-4,8.309177E-4,0,56.10399
16785,0,2275.8113,132.7959,2275.8113,86.556496,8.234583E-4,8.234583E-4,0,56.270275
16805,0,2247.103,131.97179,2247.103,85.42056,8.149839E-4,8.149839E-4,0,56.376415
16823,0,2225.1453,131.34146,2225.1453,84.55174,8.0850214E-4,8.0850214E-4,0,56.09305
16840,0,2200.2568,130.627,2200.2568,83.56695,8.011553E-4,8.011553E-4,0,56.282055
16862,0,2177.1099,129.96254,2177.1099,82.65107,7.943225E-4,7.943225E-4,0,55.26263
16877,0,2162.0686,129.53076,2162.0686,82.055916,7.8988244E-4,7.8988244E-4,0,56.311924
16895,0,2144.6619,129.03108,2144.6619,81.367165,7.8474416E-4,7.8474416E-4,0,56.67023
16919,0,2135.7007,128.77383,2135.7007,81.01259,7.8209885E-4,7.8209885E-4,0,55.137386
16939,0,2123.8882,128.43475,2123.8882,80.54519,7.786119E-4,7.786119E-4,0,54.382828
16957,0,2114.9727,128.17882,2114.9727,80.19241,7.759801E-4,7.759801E-4,0,54.082253
16973,0,2112.32,128.10266,2112.32,80.087456,7.751971E-4,7.751971E-4,0,55.022
16992,0,2105.667,127.91168,2105.667,79.82421,7.732332E-4,7.732332E-4,0,55.155014
17016,0,2104.895,127.88953,2104.895,79.79366,7.730053E-4,7.730053E-4,0,53.52473
17034,0,2098.8135,127.71495,2098.8135,79.55303,7.7121006E-4,7.7121006E-4,0,53.4612
17054,0,2093.5977,127.565216,2093.5977,79.34665,7.696704E-4,7.696704E-4,0,53.974453
17071,0,2091.4097,127.50241,2091.4097,79.26008,7.690245E-4,7.690245E-4,0,53.691204
17089,0,2083.0186,127.261536,2083.0186,78.928055,7.665475E-4,7.665475E-4,0,54.236546
17107,0,2078.8594,127.142136,2078.8594,78.76348,7.653198E-4,7.653198E-4,0,54.266167
17125,0,2072.049,126.94664,2072.049,78.49401,7.633094E-4,7.633094E-4,0,54.20891
17142,0,2069.9587,126.88663,2069.9587,78.4113,7.6269236E-4,7.6269236E-4,0,54.727287
17158,0,2073.36,126.98427,2073.36,78.54589,7.6369644E-4,7.6369644E-4,0,55.46179
17175,0,2074.2507,127.00984,2074.2507,78.58113,7.639593E-4,7.639593E-4,0,55.620373
17191,0,2081.5723,127.22001,2081.5723,78.87083,7.661206E-4,7.661206E-4,0,56.65601
17208,0,2085.487,127.33239,2085.487,79.02573,7.672762E-4,7.672762E-4,0,56.85692
17225,0,2092.384,127.53038,2092.384,79.29863,7.6931214E-4,7.6931214E-4,0,57.052464
17242,0,2101.5005,127.79208,2101.5005,79.65935,7.7200326E-4,7.7200326E-4,0,57.253372
17258,0,2106.1553,127.925705,2106.1553,79.84354,7.7337725E-4,7.7337725E-4,0,57.680325
17277,0,2114.275,128.15878,2114.275,80.16481,7.757741E-4,7.757741E-4,0,57.333755
17291,0,2117.1313,128.24078,2117.1313,80.27784,7.766173E-4,7.766173E-4,0,58.818012
17312,0,2121.117,128.3552,2121.117,80.43554,7.777939E-4,7.777939E-4,0,58.62114
17332,0,2128.0742,128.55492,2128.0742,80.71082,7.7984756E-4,7.7984756E-4,0,56.764587
17354,0,2135.5144,128.7685,2135.5144,81.00522,7.8204385E-4,7.8204385E-4,0,56.452377
17370,0,2151.322,129.22226,2151.322,81.63069,7.867102E-4,7.867102E-4,0,56.319893
17388,0,2166.9172,129.66995,2166.9172,82.247765,7.9131377E-4,7.9131377E-4,0,56.412273
17405,0,2189.2878,130.31212,2189.2878,83.13293,7.9791737E-4,7.9791737E-4,0,56.305458
17421,0,2214.5183,131.03639,2214.5183,84.13125,8.0536515E-4,8.0536515E-4,0,56.788292
17438,0,2239.116,131.74251,2239.116,85.10454,8.1262615E-4,8.1262615E-4,0,57.167328
17458,0,2269.9482,132.62758,2269.9482,86.32451,8.2172756E-4,8.2172756E-4,0,57.13491
17482,0,2297.8096,133.42738,2297.8096,87.42693,8.29952E-4,8.29952E-4,0,55.262127
17500,0,2330.0276,134.35223,2330.0276,88.70174,8.394625E-4,8.394625E-4,0,55.058014
17517,0,2361.1829,135.2466,2361.1829,89.934494,8.486593E-4,8.486593E-4,0,55.4762
17536,0,2389.588,136.062,2389.588,91.058426,8.570442E-4,8.570442E-4,0,55.80355
17555,0,2419.9724,136.93422,2419.9724,92.26068,8.6601346E-4,8.6601346E-4,0,55.02335
17572,0,2437.5747,137.43951,2437.5747,92.95718,8.712095E-4,8.712095E-4,0,55.51282
17589,0,2448.4365,137.75131,2448.4365,93.386955,8.7441585E-4,8.7441585E-4,0,56.31164
17614,0,2449.658,137.78638,2449.658,93.43529,8.747764E-4,8.747764E-4,0,56.132183
17630,0,2440.6306,137.52724,2440.6306,93.07809,8.721116E-4,8.721116E-4,0,55.17449
17650,0,2428.197,137.17032,2428.197,92.58612,8.684413E-4,8.684413E-4,0,54.020344
17667,0,2408.9497,136.6178,2408.9497,91.82453,8.6275965E-4,8.6275965E-4,0,54.594025
17685,0,2389.741,136.06639,2389.741,91.06448,8.570894E-4,8.570894E-4,0,54.948463
17706,0,2370.7612,135.52155,2370.7612,90.31349,8.5148675E-4,8.5148675E-4,0,54.69535
17722,0,2352.0334,134.98395,2352.0334,89.572464,8.459584E-4,8.459584E-4,0,54.936115
17739,0,2338.3066,134.5899,2338.3066,89.02932,8.419064E-4,8.419064E-4,0,55.043037
17756,0,2328.9263,134.32062,2328.9263,88.65816,8.391374E-4,8.391374E-4,0,55.260384
17773,0,2325.959,134.23544,2325.959,88.54075,8.382615E-4,8.382615E-4,0,55.84293
17789,0,2326.969,134.26443,2326.969,88.58071,8.3855964E-4,8.3855964E-4,0,56.521793
17806,0,2330.5454,134.3671,2330.5454,88.72222,8.396154E-4,8.396154E-4,0,56.994446
17821,0,2335.1628,134.49966,2335.1628,88.90493,8.4097835E-4,8.4097835E-4,0,57.58388
17838,0,2342.1782,134.70105,2342.1782,89.18251,8.4304926E-4,8.4304926E-4,0,57.807014
17854,0,2349.037,134.89793,2349.037,89.45391,8.4507396E-4,8.4507396E-4,0,57.729725
17871,0,2354.8794,135.06564,2354.8794,89.685074,8.4679853E-4,8.4679853E-4,0,58.21976
17888,0,2361.3066,135.25015,2361.3066,89.939384,8.4869587E-4,8.4869587E-4,0,58.17624
17905,0,2362.8628,135.29483,2362.8628,90.00097,8.491552E-4,8.491552E-4,0,58.307884
17922,0,2364.262,135.33498,2364.262,90.05632,8.495682E-4,8.495682E-4,0,58.44823
17940,0,2360.5364,135.22803,2360.5364,89.90891,8.4846845E-4,8.4846845E-4,0,58.044918
17958,0,2352.081,134.98532,2352.081,89.57435,8.459725E-4,8.459725E-4,0,58.006424
17975,0,2341.6807,134.68675,2341.6807,89.16283,8.429024E-4,8.429024E-4,0,58.003334
17994,0,2322.9197,134.1482,2322.9197,88.42049,8.373643E-4,8.373643E-4,0,58.059006
18007,0,2303.7834,133.59886,2303.7834,87.6633,8.317155E-4,8.317155E-4,0,58.955467
18024,0,2279.3008,132.89606,2279.3008,86.694565,8.244884E-4,8.244884E-4,0,59.07622
18040,0,2251.4382,132.09622,2251.4382,85.5921,8.1626355E-4,8.1626355E-4,0,58.821613
18062,0,2224.4246,131.32077,2224.4246,84.52322,8.082894E-4,8.082894E-4,0,58.86357
18079,0,2192.7832,130.41246,2192.7832,83.27123,7.989491E-4,7.989491E-4,0,57.97417
18101,0,2167.2307,129.67894,2167.2307,82.26017,7.9140626E-4,7.9140626E-4,0,56.889698
18118,0,2143.8108,129.00665,2143.8108,81.33349,7.844929E-4,7.844929E-4,0,56.398632
18136,0,2122.5479,128.39627,2122.5479,80.49215,7.782162E-4,7.782162E-4,0,56.64366
18154,0,2111.496,128.07901,2111.496,80.054855,7.7495386E-4,7.7495386E-4,0,56.64974
18172,0,2102.6235,127.82431,2102.6235,79.70379,7.7233475E-4,7.7233475E-4,0,56.51744
18188,0,2106.446,127.934044,2106.446,79.855034,7.734631E-4,7.734631E-4,0,56.94316
18204,0,2118.9858,128.294,2118.9858,80.35121,7.7716477E-4,7.7716477E-4,0,57.390007
18221,0,2135.2517,128.76096,2135.2517,80.99482,7.819663E-4,7.819663E-4,0,57.34865
18238,0,2162.657,129.54765,2162.657,82.07919,7.9005613E-4,7.9005613E-4,0,57.638577
18258,0,2193.1611,130.42331,2193.1611,83.28619,7.990607E-4,7.990607E-4,0,57.642723
18283,0,2233.747,131.58838,2233.747,84.8921,8.1104133E-4,8.1104133E-4,0,55.76458
18301,0,2281.8381,132.9689,2281.8381,86.794975,8.252374E-4,8.252374E-4,0,55.283722
18318,0,2328.4963,134.30829,2328.4963,88.64115,8.390105E-4,8.390105E-4,0,55.710106
18336,0,2384.293,135.91,2384.293,90.848915,8.554812E-4,8.554812E-4,0,55.41697
18353,0,2441.135,137.54172,2441.135,93.09805,8.722605E-4,8.722605E-4,0,56.10733
18369,0,2503.5186,139.33252,2503.5186,95.56645,8.906756E-4,8.906756E-4,0,56.46168
18387,0,2570.6753,141.26035,2570.6753,98.22372,9.1049966E-4,9.1049966E-4,0,56.59258
18404,0,2630.582,142.98004,2630.582,100.59412,9.281836E-4,9.281836E-4,0,56.67469
18420,0,2696.1614,144.86258,2696.1614,103.188965,9.475421E-4,9.475421E-4,0,57.39023
18437,0,2759.8918,146.69205,2759.8918,105.71066,9.6635474E-4,9.6635474E-4,0,57.493774
18454,0,2833.9458,148.81787,2833.9458,108.64084,9.882149E-4,9.882149E-4,0,57.48092
18470,0,2918.8152,151.25415,2918.8152,111.99896,0.0010132676,0.0010132676,0,57.849876
18490,0,3000.942,153.6117,3000.942,115.24856,0.0010375107,0.0010375107,0,57.77593
18507,0,3091.6548,156.21573,3091.6548,118.8379,0.0010642883,0.0010642883,0,57.550266
18524,0,3181.1543,158.78493,3181.1543,122.37923,0.0010907078,0.0010907078,0,57.364685
18540,0,3272.6506,161.41145,3272.6506,125.999565,0.0011177168,0.0011177168,0,58.24584
18557,0,3361.7769,163.96994,3361.7769,129.52612,0.0011440262,0.0011440262,0,58.101063
18573,0,3435.8337,166.09584,3435.8337,132.45642,0.0011658871,0.0011658871,0,58.770947
18590,0,3505.6875,168.10107,3505.6875,135.22041,0.0011865074,0.0011865074,0,58.466698
18610,0,3559.856,169.65607,3559.856,137.36375,0.0012024974,0.0012024974,0,58.288773
18631,0,3605.9604,170.97955,3605.9604,139.18802,0.001216107,0.001216107,0,56.711407
18650,0,3638.0369,171.90033,3638.0369,140.45721,0.0012255758,0.0012255758,0,56.442043
18669,0,3651.2656,172.28009,3651.2656,140.98065,0.0012294808,0.0012294808,0,56.55844
18686,0,3661.0984,172.56235,3661.0984,141.36972,0.0012323833,0.0012323833,0,56.354187
18707,0,3654.7893,172.38123,3654.7893,141.12009,0.0012305209,0.0012305209,0,55.976627
18725,0,3646.8113,172.15222,3646.8113,140.80441,0.0012281658,0.0012281658,0,56.229797
18741,0,3631.39,171.70953,3631.39,140.19421,0.0012236136,0.0012236136,0,55.88869
18757,0,3606.1462,170.98486,3606.1462,139.19536,0.001216162,0.001216162,0,56.353115
18774,0,3585.513,170.39258,3585.513,138.37895,0.0012100711,0.0012100711,0,56.43205
18797,0,3556.379,169.55624,3556.379,137.22617,0.001201471,0.001201471,0,56.639286
18816,0,3535.8845,168.96793,3535.8845,136.41525,0.0011954212,0.0011954212,0,55.057476
18834,0,3517.3406,168.4356,3517.3406,135.68149,0.0011899472,0.0011899472,0,55.112053
18850,0,3499.6948,167.92905,3499.6948,134.98329,0.0011847384,0.0011847384,0,55.69285
18867,0,3494.3628,167.77599,3494.3628,134.77231,0.0011831644,0.0011831644,0,56.098873
18884,0,3488.4534,167.60635,3488.4534,134.53848,0.0011814199,0.0011814199,0,56.537853
18901,0,3494.3284,167.775,3494.3284,134.77094,0.0011831542,0.0011831542,0,56.71519
18917,0,3502.8027,168.01828,3502.8027,135.10626,0.0011856558,0.0011856558,0,57.115147
18934,0,3511.7031,168.27377,3511.7031,135.45844,0.0011882831,0.0011882831,0,57.197884
18955,0,3528.9097,168.7677,3528.9097,136.13927,0.0011933624,0.0011933624,0,57.18889
18977,0,3543.1228,169.1757,3543.1228,136.70164,0.0011975579,0.0011975579,0,55.708176
18998,0,3565.4446,169.8165,3565.4446,137.58488,0.0012041471,0.0012041471,0,54.593456
19017,0,3587.0894,170.43782,3587.0894,138.44131,0.0012105365,0.0012105365,0,54.67605
19034,0,3605.0679,170.95392,3605.0679,139.1527,0.0012158436,0.0012158436,0,54.88156
19050,0,3626.2864,171.56302,3626.2864,139.99226,0.0012221071,0.0012221071,0,55.401928
19067,0,3641.0588,171.98709,3641.0588,140.5768,0.0012264678,0.0012264678,0,55.984016
19083,0,3658.3403,172.48318,3658.3403,141.26059,0.0012315692,0.0012315692,0,56.488285
19103,0,3671.842,172.87076,3671.842,141.79483,0.0012355547,0.0012355547,0,56.4224
19120,0,3678.4954,173.06174,3678.4954,142.05809,0.0012375187,0.0012375187,0,55.991467
19138,0,3685.88,173.27374,3685.88,142.35028,0.0012396986,0.0012396986,0,56.174934
19155,0,3685.249,173.25562,3685.249,142.32532,0.0012395123,0.0012395123,0,56.568962
19171,0,3685.6938,173.26839,3685.6938,142.34291,0.0012396437,0.0012396437,0,56.79487
19189,0,3681.5386,173.14911,3681.5386,142.17851,0.0012384171,0.0012384171,0,57.239925
19208,0,3672.472,172.88882,3672.472,141.81975,0.0012357406,0.0012357406,0,56.58413
19229,0,3664.6443,172.66414,3664.6443,141.51003,0.00123343,0.00123343,0,56.470325
19244,0,3650.2783,172.25174,3650.2783,140.94159,0.0012291893,0.0012291893,0,57.531593
19267,0,3638.6624,171.9183,3638.6624,140.48198,0.0012257603,0.0012257603,0,55.550114
19286,0,3623.8296,171.4925,3623.8296,139.89507,0.001221382,0.001221382,0,55.823017
19309,0,3607.3806,171.02031,3607.3806,139.24422,0.0012165263,0.0012165263,0,54.716698
19331,0,3593.232,170.61417,3593.232,138.68439,0.0012123497,0.0012123497,0,53.28191
19354,0,3575.141,170.09485,3575.141,137.96857,0.0012070094,0.0012070094,0,52.893173
19370,0,3561.0576,169.69055,3561.0576,137.4113,0.0012028521,0.0012028521,0,53.10002
19387,0,3545.5356,169.24496,3545.5356,136.79712,0.0011982701,0.0011982701,0,53.398857
19403,0,3530.757,168.82072,3530.757,136.21236,0.0011939077,0.0011939077,0,55.00351
19420,0,3518.6301,168.47261,3518.6301,135.73251,0.0011903279,0.0011903279,0,55.184673
19437,0,3505.0361,168.08238,3505.0361,135.19463,0.0011863151,0.0011863151,0,55.4789
19454,0,3495.3433,167.80414,3495.3433,134.8111,0.0011834538,0.0011834538,0,55.974777
19470,0,3485.781,167.52963,3485.781,134.43274,0.0011806311,0.0011806311,0,56.33567
19487,0,3477.9756,167.30557,3477.9756,134.1239,0.001178327,0.001178327,0,56.576553
19503,0,3472.4402,167.14667,3472.4402,133.90488,0.001176693,0.001176693,0,57.241108
19520,0,3467.5596,167.00656,3467.5596,133.71176,0.0011752523,0.0011752523,0,57.32625
19540,0,3465.2295,166.93968,3465.2295,133.61955,0.0011745645,0.0011745645,0,57.151962
19561,0,3464.2969,166.9129,3464.2969,133.58266,0.0011742892,0.0011742892,0,56.18758
19581,0,3459.8438,166.78506,3459.8438,133.40645,0.0011729746,0.0011729746,0,55.109493
19600,0,3447.354,166.42654,3447.354,132.91226,0.0011692878,0.0011692878,0,54.95845
19617,0,3426.7117,165.83397,3426.7117,132.09547,0.0011631943,0.0011631943,0,55.307884
19634,0,3399.3374,165.04816,3399.3374,131.01233,0.0011551137,0.0011551137,0,55.513866
19651,0,3365.2827,164.07059,3365.2827,129.66486,0.001145061,0.001145061,0,55.748127
19668,0,3328.3267,163.0097,3328.3267,128.20256,0.001134152,0.001134152,0,56.27444
19685,0,3291.0266,161.93896,3291.0266,126.72667,0.0011231413,0.0011231413,0,56.767155
19702,0,3252.617,160.83636,3252.617,125.20688,0.001111803,0.001111803,0,56.745384
19718,0,3216.2422,159.79218,3216.2422,123.767586,0.0011010655,0.0011010655,0,57.108406
19738,0,3180.6272,158.7698,3180.6272,122.358376,0.0010905523,0.0010905523,0,56.68155
19756,0,3151.4995,157.93365,3151.4995,121.20584,0.001081954,0.001081954,0,56.384827
19773,0,3128.9214,157.28552,3128.9214,120.31247,0.0010752891,0.0010752891,0,56.603127
19790,0,3110.885,156.76776,3110.885,119.5988,0.001069965,0.001069965,0,56.923256
19812,0,3093.6777,156.2738,3093.6777,118.917946,0.0010648855,0.0010648855,0,56.873108
19828,0,3072.027,155.65228,3072.027,118.06127,0.0010584944,0.0010584944,0,57.106472
19847,0,3052.3918,155.08864,3052.3918,117.28434,0.0010526982,0.0010526982,0,55.746872
19867,0,3032.9758,154.53128,3032.9758,116.51609,0.0010469669,0.0010469669,0,55.32068
19884,0,3011.8906,153.926,3011.8906,115.681786,0.0010407426,0.0010407426,0,55.71565
19903,0,2990.5215,153.31256,2990.5215,114.83624,0.0010344347,0.0010344347,0,55.8645
19920,0,2963.0078,152.52275,2963.0078,113.74758,0.0010263128,0.0010263128,0,55.84117
19936,0,2937.4087,151.7879,2937.4087,112.734665,0.0010187562,0.0010187562,0,56.126038
19953,0,2911.5693,151.04614,2911.5693,111.71226,0.0010111287,0.0010111287,0,56.419586
19970,0,2882.8042,150.2204,2882.8042,110.57407,0.0010026374,0.0010026374,0,56.850075
19987,0,2853.7046,149.38507,2853.7046,109.42266,9.940475E-4,9.940475E-4,0,56.89948
20008,0,2817.5405,148.34692,2817.5405,107.99171,9.833721E-4,9.833721E-4,0,56.611748
20032,0,2786.6885,147.46127,2786.6885,106.77096,9.742649E-4,9.742649E-4,0,54.820805
20050,0,2762.1313,146.75633,2762.1313,105.79927,9.6701586E-4,9.6701586E-4,0,54.785942
20067,0,2740.9597,146.14859,2740.9597,104.961555,9.607662E-4,9.607662E-4,0,55.202328
20083,0,2725.6018,145.7077,2725.6018,104.35387,9.562327E-4,9.562327E-4,0,55.74315
20100,0,2709.6372,145.24942,2709.6372,103.72218,9.5152005E-4,9.5152005E-4,0,55.855835
20117,0,2699.7788,144.96643,2699.7788,103.3321,9.486099E-4,9.486099E-4,0,56.37996
20135,0,2694.148,144.80478,2694.148,103.1093,9.469477E-4,9.469477E-4,0,56.591763
20151,0,2689.8486,144.68137,2689.8486,102.93918,9.456786E-4,9.456786E-4,0,56.800922
20168,0,2687.918,144.62595,2687.918,102.86279,9.451087E-4,9.451087E-4,0,57.051586
20185,0,2683.3562,144.495,2683.3562,102.68229,9.4376213E-4,9.4376213E-4,0,57.01651
20202,0,2680.328,144.40805,2680.328,102.56246,9.4286824E-4,9.4286824E-4,0,57.47946
20222,0,2679.0154,144.37039,2679.0154,102.51054,9.4248075E-4,9.4248075E-4,0,57.423653
20239,0,2676.6436,144.3023,2676.6436,102.41668,9.417806E-4,9.417806E-4,0,57.360607
20258,0,2677.624,144.33044,2677.624,102.455475,9.4207E-4,9.4207E-4,0,56.38467
20281,0,2679.1597,144.37453,2679.1597,102.51624,9.4252336E-4,9.4252336E-4,0,55.088615
20300,0,2683.1055,144.4878,2683.1055,102.67237,9.436881E-4,9.436881E-4,0,55.121464
20317,0,2691.0994,144.71727,2691.0994,102.98867,9.4604783E-4,9.4604783E-4,0,55.410934
20334,0,2699.4192,144.9561,2699.4192,103.31787,9.485038E-4,9.485038E-4,0,55.47334
20351,0,2710.1233,145.26337,2710.1233,103.74141,9.5166353E-4,9.5166353E-4,0,56.06119
20369,0,2720.5015,145.56131,2720.5015,104.15206,9.5472706E-4,9.5472706E-4,0,56.000145
20386,0,2730.019,145.8345,2730.019,104.52865,9.5753657E-4,9.5753657E-4,0,56.223045
20406,0,2741.6177,146.16747,2741.6177,104.98759,9.609604E-4,9.609604E-4,0,56.275314
20422,0,2750.8845,146.43347,2750.8845,105.354256,9.6369593E-4,9.6369593E-4,0,56.69845
20439,0,2761.3625,146.73427,2761.3625,105.76885,9.6678897E-4,9.6678897E-4,0,56.34547
