31180,0,0,2021.719,135.73032,2010.6937,90.10716,1.1240404E-4,0.0012939598,0.0012097763,0.31957728,59.961094
31190,0,0,2021.719,135.73032,2012.2213,90.17563,1.0699372E-4,0.0012798107,0.001208395,0.31921238,60.39292
31214,0,0,2021.719,135.73032,2013.7488,90.24408,1.12053254E-4,0.0012930424,0.0012070622,0.3188603,59.91699
31228,0,0,2021.719,135.73032,2015.2764,90.31254,1.11104586E-4,0.0012905615,0.001205796,0.31852585,60.07801
31250,0,0,2021.719,135.73032,2016.8038,90.38098,0.0011347712,0.003967661,0.0012075978,0.3190018,57.822388
31262,0,0,2855.9976,162.85446,2019.327,90.49406,0.0028067213,0.008340156,0.0012170145,0.32148933,64.776085
31276,0,0,3700.5261,190.31186,2023.8296,90.69584,0.0024932306,0.007520314,0.0012296574,0.3248291,64.89746
31295,0,0,3661.6167,189.04683,2029.3173,90.94176,5.32357E-4,0.0023922236,0.001235446,0.32635823,64.41488
31309,0,0,3636.2905,188.22342,2034.72,91.18388,0.0028042821,0.008333777,0.0012437564,0.32855356,63.61809
31323,0,0,3617.5356,187.61366,2040.0746,91.423836,0.002378296,0.007219736,0.0012565996,0.3319462,63.860867
31343,0,0,3596.8809,186.94214,2045.3789,91.661545,0.0016190736,0.0052342117,0.0012662525,0.33449617,63.185204
31359,0,0,3576.0215,186.26395,2050.6294,91.89684,0.0010747002,0.0038105631,0.0012723027,0.33609438,62.990093
31378,0,0,3556.1833,185.61896,2055.8247,92.12967,0.0011767702,0.0040774974,0.001277542,0.3374784,62.626488
31396,0,0,3554.6953,185.57059,2061.0034,92.36174,4.7406345E-4,0.002239774,0.0012808753,0.33835894,62.37632
31409,0,0,3553.207,185.52222,2066.1787,92.593666,6.0582097E-4,0.002584347,0.0012831009,0.33894688,62.29255
31423,0,0,3551.9785,185.48227,2071.3516,92.825485,5.069615E-4,0.002325809,0.0012854331,0.33956292,62.19649
31442,0,0,3551.9785,185.48227,2076.523,93.057236,4.6708377E-4,0.0022215205,0.0012873922,0.3400805,61.879047
31460,0,0,3551.569,185.46896,2081.6924,93.2889,4.7456086E-4,0.0022410748,0.0012892823,0.34057978,61.82207
31480,0,0,3551.569,185.46896,2086.8618,93.52056,4.731589E-4,0.0022374084,0.0012913328,0.3411214,61.32479
31492,0,0,3551.262,185.45897,2092.0315,93.752235,2.0795576E-4,0.0015438474,0.0012926209,0.34146172,61.281235
31511,0,0,3551.3643,185.4623,2097.201,93.9839,2.5768136E-4,0.00167389,0.0012933895,0.34166473,61.016247
31526,0,0,3551.3643,185.4623,2102.3706,94.21557,6.1938874E-5,0.001161983,0.0012937128,0.34175012,61.31707
31542,0,0,3551.3643,185.4623,2107.54,94.447235,1.6236643E-4,0.0014246218,0.0012939319,0.34180802,60.932964
31558,0,0,3551.3643,185.4623,2112.7095,94.678894,1.4353626E-4,0.0013753771,0.0012943222,0.34191114,61.172916
31575,0,0,3551.3643,185.4623,2117.879,94.91056,1.3162989E-4,0.0013442393,0.0012947106,0.3420137,61.01735
31594,0,0,3551.3643,185.4623,2123.0483,95.14222,1.3386233E-4,0.0013500777,0.0012951215,0.34212226,60.86943
31607,0,0,3551.3643,185.4623,2128.2178,95.373886,1.065369E-4,0.001278616,0.0012949891,0.3420873,60.875473
31625,0,0,3551.3643,185.4623,2133.375,95.605,1.09878936E-4,0.0012873561,0.0012933264,0.34164804,60.768635
31644,0,0,3551.3643,185.4623,2138.5322,95.83611,1.092523E-4,0.0012857174,0.0012910296,0.34104136,60.559063
31660,0,0,3551.3643,185.4623,2143.7122,96.06825,1.1773742E-4,0.0013079077,0.0012903799,0.34086972,60.550922
31673,0,0,3551.3643,185.4623,2148.892,96.300385,9.7995246E-5,0.0012562779,0.0012905098,0.34090403,60.61147
31694,0,0,3551.3643,185.4623,2154.0723,96.53253,1.016969E-4,0.0012659584,0.0012905208,0.34090692,60.38684
31711,0,0,3551.3643,185.4623,2159.2522,96.76466,1.14032526E-4,0.0012982187,0.0012907278,0.34096158,60.247078
31726,0,0,3551.3643,185.4623,2164.432,96.99679,1.1171959E-4,0.0012921699,0.0012909891,0.34103063,60.40439
31741,0,0,3550.6953,185.44055,2169.6113,97.2289,3.197943E-4,0.0018363282,0.0012918991,0.341271,60.255127
31761,0,0,3550.4358,185.4321,2174.7896,97.46095,1.753371E-4,0.0014585429,0.0012928655,0.3415263,60.259205
31777,0,0,3549.7666,185.41035,2179.9663,97.69295,2.0242282E-4,0.0015293775,0.0012935837,0.34171605,60.37516
31793,0,0,3549.507,185.40192,2185.1423,97.924904,1.9734426E-4,0.0015160961,0.0012943184,0.3419101,60.09449
31807,0,0,3549.507,185.40192,2190.3179,98.156845,6.489545E-5,0.0011697151,0.0012946805,0.34200576,60.400017
31825,0,0,3549.507,185.40192,2195.4934,98.38877,8.97296E-5,0.0012346614,0.0012948524,0.34205115,60.353172
31842,0,0,3549.507,185.40192,2200.669,98.62071,4.904502E-5,0.0011282628,0.0012949455,0.34207577,60.114136
31860,0,0,3549.507,185.40192,2205.8445,98.852646,5.6673376E-5,0.0011482126,0.0012948541,0.34205163,60.299927
31879,0,0,3619.231,187.6688,2211.1025,99.08828,6.0073665E-4,0.0025710505,0.0012964439,0.34247157,59.862072
31889,0,0,3619.231,187.6688,2216.444,99.32766,5.9403316E-4,0.0025535196,0.0012993198,0.3432313,60.29414
31907,0,0,3619.231,187.6688,2221.7856,99.56704,5.952901E-4,0.002556807,0.0013018199,0.3438917,60.224575
31929,0,0,3631.8428,188.07883,2227.1423,99.80708,4.8926554E-4,0.0022795305,0.0013037835,0.34441042,59.87998
31946,0,0,3631.8428,188.07883,2232.514,100.04781,3.127067E-4,0.0018177927,0.00130377,0.34440684,60.09499
31963,0,0,3631.8428,188.07883,2237.8853,100.28852,3.4581148E-4,0.0019043685,0.001302758,0.34413952,59.84923
31980,0,0,3631.8428,188.07883,2243.2495,100.528915,3.3960433E-4,0.0018881354,0.0013011808,0.34372288,59.974865
31993,0,0,3739.505,191.57913,2248.7185,100.774,6.1971083E-4,0.0026206719,0.0013001839,0.34345955,60.24884
32009,0,0,3840.1953,194.85278,2254.3767,101.02757,5.671909E-4,0.0024833214,0.0012998575,0.34337336,60.42348
32026,0,0,3962.219,198.82005,2260.27,101.29167,7.229676E-4,0.0028907098,0.0012999205,0.34338996,60.33415
32040,0,0,4108.745,203.58392,2266.4834,101.570114,7.9453114E-4,0.0030778632,0.001300617,0.34357396,60.196762
32063,0,0,4233.2285,207.63113,2273.0452,101.864174,7.81113E-4,0.003042772,0.0013014346,0.34378994,59.774544
32080,0,0,4285.0166,209.31488,2279.7317,102.163826,7.836289E-4,0.0030493513,0.0013023169,0.344023,59.987343
32090,0,0,4295.476,209.65494,2286.3765,102.46161,4.964281E-4,0.002298262,0.0013026322,0.3441063,60.22228
32113,0,0,4301.3213,209.84497,2292.9941,102.75816,5.465429E-4,0.0024293228,0.0013025765,0.3440916,59.840187
32129,0,0,4294.038,209.60817,2299.575,103.053085,5.371464E-4,0.002404749,0.001298158,0.34292436,59.99022
32140,0,0,4267.7856,208.75465,2306.087,103.34491,8.3432667E-4,0.0031819367,0.0012959043,0.34232903,60.26162
32161,0,0,4208.721,206.83435,2312.4148,103.62849,9.6761034E-4,0.003530501,0.0012973435,0.34270924,59.859898
32176,0,0,4222.7617,207.29083,2318.5732,103.90447,0.0011926941,0.0041191415,0.001299334,0.34323502,60.498974
32191,0,0,4257.414,208.41745,2324.8008,104.183556,0.0011504908,0.0040087714,0.0013024167,0.34404936,60.120735
32213,0,0,4267.662,208.75064,2331.064,104.46423,0.001210144,0.0041647768,0.001305909,0.3449719,59.897217
32230,0,0,4265.7095,208.68716,2337.3298,104.745026,0.0011989591,0.004135526,0.0013102428,0.34611672,60.073536
32244,0,0,4216.9927,207.10327,2343.5518,105.02386,0.0010428305,0.0037272172,0.0013149335,0.34735587,60.276756
32259,0,0,4160.586,205.26938,2349.5845,105.294205,0.0010721046,0.0038037752,0.0013194963,0.34856114,60.48804
32276,0,0,4087.1738,202.88258,2355.558,105.561905,0.001588483,0.0051542115,0.0013260166,0.35028356,60.37957
32294,0,0,3897.788,196.72525,2361.21,105.81519,0.0022494807,0.0068828566,0.0013360257,0.3529276,60.32624
32313,0,0,3832.4714,194.60168,2366.491,106.05186,0.0021255435,0.006558736,0.001347185,0.35587546,59.881977
32329,0,0,3579.3096,186.37085,2371.491,106.275925,0.0055411505,0.015491254,0.0013691867,0.36168748,59.959415
32343,0,0,3784.3738,193.03793,2376.2375,106.48864,0.0049007237,0.013816405,0.0013975175,0.36917144,60.247437
32363,0,0,4096.283,203.17876,2381.7231,106.734474,0.005020804,0.01413044,0.0014247128,0.37635538,59.924877
32379,0,0,4147.1475,204.83246,2387.8972,107.011154,0.0031818622,0.009321228,0.0014464523,0.38209814,59.965275
32393,0,0,3926.919,197.67236,2393.602,107.26681,0.0014459486,0.0047814543,0.001458453,0.3852683,59.90389
32408,0,0,3720.2476,190.95305,2398.8042,107.49994,0.0017714323,0.0056326617,0.001467397,0.38763094,60.391273
32430,0,0,3536.262,184.97128,2403.54,107.71217,0.0023289602,0.0070907124,0.0014788778,0.39066374,60.00456
32446,0,0,3465.6213,182.6746,2407.978,107.91106,8.645407E-4,0.0032609524,0.0014867426,0.39274132,59.96261
32463,0,0,3395.0833,180.38129,2412.2473,108.10238,0.0011391193,0.0039790324,0.0014918257,0.3940841,60.027122
32480,0,0,3324.9548,178.10126,2414.274,108.1932,0.0010876359,0.0038443925,0.0013775785,0.36390427,60.06859
32496,0,0,3320.3477,177.95146,2413.7664,108.170456,0.0010024642,0.0036216513,0.0013081043,0.34555182,59.96499
32512,0,0,3284.976,176.80145,2413.4006,108.15406,0.001018434,0.003663415,0.0013144508,0.34722832,60.03287
32528,0,0,3278.8262,176.6015,2414.1394,108.18717,0.0016557232,0.0053300583,0.0013096302,0.34595492,60.462982
32540,0,0,3210.745,174.38806,2415.829,108.26289,9.69479E-4,0.003535388,0.0013073917,0.3453636,60.366222
32563,0,0,3187.1643,173.6214,2417.7805,108.35034,0.0010981498,0.0038718889,0.0013033196,0.34428787,59.947243
32573,0,0,3160.3025,172.74805,2420.634,108.47822,0.0012402629,0.004243544,0.0013009256,0.3436555,60.40913
32594,0,0,3113.9548,171.24121,2424.4998,108.65146,5.65805E-4,0.002479697,0.0012991711,0.34319204,60.208344
32610,0,0,3088.6287,170.41779,2428.2087,108.81767,6.922658E-4,0.0028104181,0.0012972619,0.34268767,60.44933
32622,0,0,3044.3333,168.97766,2431.8093,108.97903,7.641497E-4,0.0029984093,0.0012960593,0.34237,60.405434
32640,0,0,2997.7856,167.4643,2435.3406,109.13728,5.9358147E-4,0.0025523384,0.0012955479,0.3422349,60.226337
32663,0,0,2997.7856,167.4643,2438.832,109.29375,6.25563E-4,0.0026359765,0.001295144,0.34212822,59.868687
32679,0,0,2997.274,167.44766,2442.2893,109.448685,4.3893195E-4,0.0021478978,0.0012941464,0.34186468,59.913055
32690,0,0,2985.5857,167.06764,2445.7349,109.60309,3.9316458E-4,0.0020282066,0.0012929731,0.34155473,60.296307
32713,0,0,2963.95,166.36423,2449.1316,109.75531,4.0174596E-4,0.002050649,0.0012922002,0.34135056,59.8959
32728,0,0,2963.95,166.36423,2452.508,109.906624,2.905563E-4,0.0017598649,0.001291786,0.34124112,59.956566
32743,0,0,2963.95,166.36423,2455.8843,110.05792,3.0847796E-4,0.0018067337,0.0012917491,0.34123138,60.272724
32759,0,0,2963.95,166.36423,2459.2605,110.20923,3.0511763E-4,0.0017979457,0.0012921339,0.34133303,60.433098
32776,0,0,2963.95,166.36423,2462.6367,110.36053,2.5322207E-4,0.001662228,0.0012927124,0.34148586,60.407185
32790,0,0,2963.95,166.36423,2466.0132,110.51184,1.1291884E-4,0.0012953061,0.0012928176,0.3415137,60.277893
32813,0,0,2963.95,166.36423,2469.3894,110.66314,1.392257E-4,0.001364104,0.0012926544,0.34147054,59.835052
32829,0,0,2963.95,166.36423,2472.7656,110.814445,1.15372364E-4,0.0013017226,0.0012925891,0.34145328,59.984177
32845,0,0,2963.95,166.36423,2476.1418,110.965744,8.793671E-5,0.0012299727,0.00129244,0.34141392,59.85747
32863,0,0,2963.95,166.36423,2479.0164,111.09457,9.308089E-5,0.0012434258,0.00128259,0.3388119,59.991035
32879,0,0,2963.95,166.36423,2481.1633,111.19078,9.211636E-5,0.0012409034,0.0012734196,0.33638942,59.981163
32896,0,0,2963.95,166.36423,2483.15,111.2798,3.072714E-5,0.0010803578,0.0012684945,0.3350884,59.895924
32913,0,0,2963.95,166.36423,2484.9978,111.36262,4.2237618E-5,0.0011104601,0.0012630995,0.33366325,60.0846
32929,0,0,2963.95,166.36423,2486.825,111.4445,2.5321322E-5,0.0010662206,0.0012587515,0.33251467,59.980843
32944,0,0,2963.95,166.36423,2488.6777,111.52753,7.2692295E-5,0.0011901055,0.0012548007,0.33147103,60.062454
32959,0,0,2963.95,166.36423,2490.5962,111.6135,6.3810236E-5,0.001166877,0.0012508808,0.3304355,60.44183
32976,0,0,2963.95,166.36423,2492.5066,111.69912,6.547562E-5,0.0011712323,0.0012477047,0.32959655,60.406033
32990,0,0,2963.95,166.36423,2494.4211,111.78492,1.16518946E-4,0.0013047212,0.0012451145,0.3289123,60.26225
33009,0,0,2963.95,166.36423,2496.3394,111.87087,1.06948326E-4,0.001279692,0.0012428528,0.32831484,60.324524
33027,0,0,2941.8025,165.64417,2496.7407,111.88886,2.4775648E-4,0.0016479344,0.001189588,0.3142443,60.2874
33046,0,0,2871.6714,163.36404,2495.2573,111.82238,8.441532E-4,0.0032076351,0.0011094798,0.2930827,59.72341
33062,0,0,2844.7048,162.4873,2493.624,111.74919,7.3232886E-4,0.0029151915,0.0010358872,0.2736423,59.926598
33079,0,0,2810.8691,161.38724,2492.113,111.68148,5.066561E-4,0.0023250105,0.0010034817,0.265082,59.946144
33095,0,0,2742.788,159.1738,2491.971,111.67511,5.4896984E-4,0.0024356698,9.951602E-4,0.26288378,60.189014
33106,0,0,2742.788,159.1738,2491.7463,111.66504,-1.5693098E-5,9.5895934E-4,9.868355E-4,0.26068473,60.37109
33126,0,0,2742.788,159.1738,2491.8398,111.669235,9.01812E-5,0.0012358425,9.818961E-4,0.25937992,60.291416
33143,0,0,2742.788,159.1738,2492.353,111.69223,2.6800219E-5,0.0010700881,9.771596E-4,0.2581287,60.145206
33159,0,0,2742.788,159.1738,2493.2178,111.73098,3.8684153E-5,0.001101167,9.733154E-4,0.25711322,60.329487
33176,0,0,2742.788,159.1738,2494.4297,111.78529,1.8633296E-5,0.00104873,9.6947374E-4,0.2560984,60.27333
33192,0,0,2742.788,159.1738,2495.8413,111.84856,2.2392833E-5,0.001058562,9.665079E-4,0.25531495,60.243633
33209,0,0,2742.788,159.1738,2497.2527,111.911804,3.842186E-5,0.0011004811,9.6487586E-4,0.25488383,60.210938
33222,0,0,2742.788,159.1738,2498.6643,111.97507,3.5416415E-5,0.0010926212,9.6360047E-4,0.2545469,60.168934
33243,0,0,2742.788,159.1738,2500.076,112.03832,3.5979938E-5,0.0010940951,9.6263574E-4,0.25429207,60.11162
33260,0,0,2742.788,159.1738,2501.4873,112.10158,4.891834E-5,0.0011279316,9.6193736E-4,0.25410756,60.211582
33276,0,0,2742.788,159.1738,2502.899,112.16483,4.2997213E-5,0.0011124467,9.61209E-4,0.25391516,60.17803
33289,0,0,2742.788,159.1738,2504.3103,112.22809,4.4107423E-5,0.00111535,9.6060755E-4,0.25375628,60.15963
33312,0,0,2742.788,159.1738,2505.7217,112.291336,8.017551E-5,0.0012096756,9.601582E-4,0.25363758,59.641544
33324,0,0,2742.788,159.1738,2507.1333,112.3546,3.94843E-5,0.0011032596,9.5963146E-4,0.25349844,60.183807
33347,0,0,2742.788,159.1738,2508.545,112.417854,6.308666E-5,0.0011649847,9.591916E-4,0.25338227,59.657032
33362,0,0,2742.788,159.1738,2509.9563,112.48111,2.7013082E-5,0.0010706448,9.5874973E-4,0.25326553,59.869595
33379,0,0,2742.788,159.1738,2511.368,112.544365,6.951435E-5,0.0011817944,9.583464E-4,0.253159,59.90537
33391,0,0,2742.788,159.1738,2512.7795,112.60763,6.154536E-5,0.0011609539,9.5793454E-4,0.25305018,59.850235
33412,0,0,2742.788,159.1738,2514.047,112.66444,6.303955E-5,0.0011648615,9.457836E-4,0.24984038,59.89302
33424,0,0,2742.788,159.1738,2516.363,112.76821,3.2588967E-5,0.0010852269,9.2698145E-4,0.24487354,60.302456
33440,0,0,2742.788,159.1738,2519.284,112.89912,1.0222285E-4,0.001267334,9.164904E-4,0.2421022,60.08019
33463,0,0,2742.788,159.1738,2522.1997,113.029785,1.4786574E-4,0.0013866995,9.102351E-4,0.24044979,59.900986
33479,0,0,2719.819,158.42702,2525.0845,113.15906,3.9419136E-4,0.0020308918,9.043265E-4,0.23888895,59.927464
33494,0,0,2693.8762,157.58356,2527.9565,113.287766,3.4800533E-4,0.0019101058,8.9978066E-4,0.23768812,60.247585
33514,0,0,2695.4119,157.63348,2530.8347,113.41675,3.566652E-4,0.0019327533,8.96688E-4,0.23687117,59.971302
33525,0,0,2696.538,157.6701,2533.7285,113.54643,3.5504147E-4,0.0019285069,8.94143E-4,0.23619887,60.377705
33543,0,0,2687.0,157.36,2536.6375,113.676796,0.0010706681,0.0038000182,8.9376624E-4,0.23609933,60.36719
33556,0,0,2624.243,155.31964,2539.4365,113.80223,9.457973E-4,0.0034734556,8.945235E-4,0.23629937,60.36226
33574,0,0,2553.2856,153.01266,2542.042,113.919,9.6921064E-4,0.0035346863,8.9494593E-4,0.23641096,60.28226
33592,0,0,2556.1523,153.10587,2544.565,114.03206,5.331215E-4,0.0023942231,8.940607E-4,0.23617713,60.30885
33609,0,0,2546.6143,152.79578,2547.1455,114.1477,6.1488827E-4,0.00260806,8.9260767E-4,0.23579329,60.33181
33626,0,0,2505.0833,151.44551,2549.651,114.25997,2.88677E-4,0.00175495,8.903541E-4,0.23519798,60.265995
33642,0,0,2461.4023,150.02534,2552.077,114.3687,4.710814E-4,0.0022319753,8.8885985E-4,0.23480326,60.261993
33658,0,0,2412.2856,148.42847,2554.4062,114.47308,4.3688057E-4,0.002142533,8.8792073E-4,0.23455517,60.22611
33678,0,0,2413.8215,148.4784,2556.6926,114.57555,3.194802E-4,0.0018355068,8.8685076E-4,0.23427251,59.78209
33689,0,0,2414.9475,148.51501,2559.0,114.67895,3.0414318E-4,0.0017953974,8.858695E-4,0.23401332,60.202927
33710,0,0,2415.6643,148.5383,2561.314,114.782646,3.0701887E-4,0.0018029178,8.8478246E-4,0.23372617,59.821087
33729,0,0,2405.2048,148.19824,2563.6248,114.88621,2.199827E-4,0.0015753002,8.8367227E-4,0.23343289,59.85624
33745,0,0,2384.7976,147.53476,2565.887,114.98758,2.1714327E-4,0.0015678746,8.829711E-4,0.23324767,59.82778
33762,0,0,2363.8787,146.85464,2565.8528,114.986046,2.1767565E-4,0.0015692669,8.096773E-4,0.2138862,59.969406
33779,0,0,2363.8787,146.85464,2562.9575,114.8563,5.7679485E-5,0.0011508438,7.578436E-4,0.20019369,59.906677
33792,0,0,2363.8787,146.85464,2560.052,114.7261,3.574372E-5,0.0010934772,7.486829E-4,0.19777378,60.37136
33808,0,0,2363.8787,146.85464,2557.6587,114.618835,3.9856677E-5,0.0011042336,7.3139725E-4,0.19320756,60.369312
33825,0,0,2363.8787,146.85464,2556.7422,114.57777,7.4597585E-5,0.0011950881,7.2185975E-4,0.19068813,60.342678
33839,0,0,2363.8787,146.85464,2555.7393,114.53282,6.808367E-5,0.0011780529,7.1616785E-4,0.18918455,60.247013
33863,0,0,2363.8787,146.85464,2554.8772,114.49419,6.9305024E-5,0.001181247,7.1092986E-4,0.18780085,59.820244
33879,0,0,2344.0906,146.2113,2554.1873,114.46327,2.655525E-4,0.0016944746,7.071337E-4,0.18679805,59.90608
33895,0,0,2344.0906,146.2113,2553.6763,114.44038,7.248376E-5,0.00118956,7.033211E-4,0.1857909,59.785107
33908,0,0,2344.0906,146.2113,2553.1572,114.417114,1.0868415E-4,0.0012842315,6.9995265E-4,0.18490109,59.972923
33929,0,0,2344.0906,146.2113,2552.6375,114.39382,2.471564E-4,0.001646365,6.984172E-4,0.18449548,59.910103
33939,0,0,2344.0906,146.2113,2552.118,114.37054,1.6703532E-4,0.0014368319,6.9734594E-4,0.18421249,60.41912
33962,0,0,2344.0906,146.2113,2551.5981,114.347244,1.8205802E-4,0.0014761194,6.960588E-4,0.18387249,59.930187
33979,0,0,2344.0906,146.2113,2551.0786,114.32396,1.7924127E-4,0.001468753,6.9496024E-4,0.18358229,60.03394
33995,0,0,2344.0906,146.2113,2550.5588,114.30067,2.880409E-4,0.0017532865,6.942811E-4,0.18340288,59.920673
34012,0,0,2344.0906,146.2113,2550.0393,114.27739,2.6764098E-4,0.0016999366,6.9434295E-4,0.18341921,60.05471
34030,0,0,2324.0977,145.56128,2549.4958,114.25303,2.6987618E-4,0.001705782,6.952465E-4,0.18365791,59.989967
34038,0,0,2324.0977,145.56128,2548.9285,114.2276,2.805542E-4,0.0017337073,6.96447E-4,0.18397503,60.489727
34062,0,0,2324.0977,145.56128,2548.361,114.20218,2.7855206E-4,0.0017284713,6.9761823E-4,0.18428443,59.99164
34079,0,0,2277.0334,144.03113,2547.7407,114.17437,5.0755066E-4,0.00232735,6.995375E-4,0.18479142,60.042587
34095,0,0,2269.1858,143.77599,2547.0667,114.144165,8.9896953E-4,0.0033509913,7.0325215E-4,0.1857727,59.9728
34110,0,0,2183.6167,140.99396,2546.2693,114.10843,8.2557846E-4,0.0031590583,7.0769084E-4,0.18694523,60.33447
34125,0,0,2137.6287,139.49878,2545.251,114.062805,4.8809484E-4,0.002276469,7.108574E-4,0.18778172,60.43948
34142,0,0,2056.5762,136.8636,2544.181,114.01484,7.991395E-4,0.003089915,7.141819E-4,0.18865994,60.430756
34158,0,0,2016.2262,135.55174,2542.8882,113.95691,7.408186E-4,0.0029373937,7.1804516E-4,0.18968046,60.390488
34176,0,0,1970.5453,134.06656,2541.5354,113.896286,9.252154E-4,0.0034196298,7.223127E-4,0.19080779,60.340126
34191,0,0,1918.4048,132.37137,2540.0684,113.83054,4.2075416E-4,0.0021003592,7.254038E-4,0.19162431,60.329533
34208,0,0,1890.0262,131.44872,2538.4678,113.75882,5.1534065E-4,0.0023477222,7.2751945E-4,0.1921832,60.29001
34229,0,0,1888.5381,131.40033,2536.866,113.687035,4.9760565E-4,0.0023013416,7.297601E-4,0.1927751,59.84066
34245,0,0,1870.1333,130.80196,2535.2583,113.61499,3.7457337E-4,0.001979587,7.315762E-4,0.19325483,59.81028
34260,0,0,1824.1453,129.30678,2533.5562,113.538704,3.976419E-4,0.0020399159,7.331991E-4,0.19368356,60.402035
34272,0,0,1776.2119,127.748375,2531.7422,113.45742,3.527837E-4,0.0019226023,7.3476456E-4,0.19409709,60.353096
34292,0,0,1721.2024,125.9599,2529.8057,113.370636,4.2432587E-4,0.0021096999,7.364549E-4,0.19454361,60.211452
34308,0,0,1706.9738,125.4973,2527.7693,113.27938,4.1091174E-4,0.0020746193,7.382326E-4,0.19501321,60.291153
34325,0,0,1704.9738,125.43227,2525.731,113.18803,3.386119E-4,0.0018855401,7.397266E-4,0.19540787,60.264977
34342,0,0,1676.0072,124.49051,2523.6738,113.09584,5.6239055E-4,0.0024707676,7.41763E-4,0.1959458,60.23666
34359,0,0,1629.4048,122.975365,2521.5085,112.99881,5.20432E-4,0.0023610373,7.442025E-4,0.19659024,60.198166
34376,0,0,1605.5167,122.198715,2519.259,112.898,2.365041E-4,0.0016185071,7.457271E-4,0.19699298,60.18865
34392,0,0,1605.5167,122.198715,2516.9807,112.7959,1.753225E-4,0.0014585046,7.464282E-4,0.19717818,60.159824
34408,0,0,1605.5167,122.198715,2514.7026,112.6938,1.8679403E-4,0.001488505,7.469846E-4,0.19732517,60.174805
34422,0,0,1605.5167,122.198715,2512.424,112.5917,3.3553926E-5,0.0010877505,7.470687E-4,0.19734739,60.152653
34440,0,0,1605.5167,122.198715,2510.1462,112.48962,7.1842966E-5,0.0011878842,7.469498E-4,0.19731596,59.892483
34462,0,0,1605.5167,122.198715,2507.868,112.38752,6.466376E-5,0.0011691091,7.4685324E-4,0.19729047,59.717968
34479,0,0,1605.5167,122.198715,2505.5898,112.28542,6.600987E-5,0.0011726295,7.467024E-4,0.19725062,59.744625
34494,0,0,1605.5167,122.198715,2503.3115,112.18333,2.856783E-5,0.0010747109,7.4644363E-4,0.19718227,60.167355
34512,0,0,1605.5167,122.198715,2501.0334,112.08124,3.558821E-5,0.0010930706,7.4603345E-4,0.1970739,59.8046
34526,0,0,1605.5167,122.198715,2498.7551,111.97914,5.3985343E-5,0.0011411828,7.456518E-4,0.19697309,60.206684
34542,0,0,1605.5167,122.198715,2496.477,111.877045,4.619037E-5,0.0011207974,7.4531324E-4,0.19688366,60.27172
34560,0,0,1605.5167,122.198715,2494.1987,111.77495,4.7651927E-5,0.0011246197,7.449897E-4,0.19679818,59.813995
34577,0,0,1605.5167,122.198715,2491.9207,111.67285,6.635464E-5,0.0011735312,7.4474E-4,0.19673222,60.18057
34591,0,0,1605.5167,122.198715,2489.6423,111.570755,6.284788E-5,0.0011643602,7.4456213E-4,0.19668522,60.326687
34605,0,0,1605.5167,122.198715,2487.3643,111.468666,6.35054E-5,0.0011660798,7.4440124E-4,0.19664273,60.31169
34628,0,0,1605.5167,122.198715,2485.086,111.36657,9.935488E-5,0.0012598336,7.443515E-4,0.1966296,59.81667
34639,0,0,1605.5167,122.198715,2482.8076,111.264465,7.187687E-5,0.001187973,7.44309E-4,0.19661836,60.318485
34662,0,0,1605.5167,122.198715,2480.5295,111.16238,7.702899E-5,0.0012014468,7.442738E-4,0.19660906,59.898922
34678,0,0,1605.5167,122.198715,2478.2512,111.06027,4.482572E-5,0.0011172285,7.4417714E-4,0.19658354,59.910202
34689,0,0,1605.5167,122.198715,2475.9731,110.95819,1.3599967E-4,0.0013556672,7.443457E-4,0.19662806,60.277977
34712,0,0,1605.5167,122.198715,2473.6948,110.85609,1.1890456E-4,0.00131096,7.4465055E-4,0.19670859,59.929623
34728,0,0,1605.5167,122.198715,2471.4167,110.754,1.221099E-4,0.0013193426,7.448848E-4,0.19677046,59.958027
34745,0,0,1605.5167,122.198715,2469.1384,110.65189,1.9000002E-4,0.0014968894,7.4535934E-4,0.19689582,59.871143
34758,0,0,1605.5167,122.198715,2466.8604,110.54981,1.7727062E-4,0.0014635994,7.4595906E-4,0.19705427,60.362755
34780,0,0,1557.2214,120.62853,2464.5269,110.44523,5.610585E-4,0.002467284,7.467552E-4,0.19726457,60.03518
34791,0,0,1534.0167,119.8741,2462.0725,110.33524,5.146521E-4,0.0023459215,7.487896E-4,0.19780196,60.097572
34808,0,0,1537.3953,119.98395,2459.6287,110.22572,5.233533E-4,0.002368677,7.508672E-4,0.19835079,60.359425
34825,0,0,1523.8572,119.54379,2457.2334,110.11838,5.217218E-4,0.0023644103,7.490941E-4,0.19788241,60.355682
34846,0,0,1523.8572,119.54379,2454.9224,110.014824,3.2307394E-4,0.0018449051,7.445297E-4,0.19667667,59.90212
34857,0,0,1523.8572,119.54379,2452.7676,109.91825,3.6032044E-4,0.0019423123,7.404601E-4,0.19560164,60.456917
34879,0,0,1523.8572,119.54379,2450.779,109.82914,3.533367E-4,0.0019240486,7.3663145E-4,0.19459024,60.41131
34899,0,0,1523.8572,119.54379,2448.9785,109.74844,2.735231E-4,0.0017153195,7.3249993E-4,0.19349886,59.890053
34913,0,0,1523.8572,119.54379,2447.3398,109.67501,2.8848814E-4,0.0017544562,7.3091884E-4,0.1930812,59.920223
34925,0,0,1523.8572,119.54379,2445.7588,109.604164,3.481254E-4,0.0019104199,7.3183194E-4,0.19332239,60.48455
34946,0,0,1529.1904,119.717186,2444.1843,109.5336,2.8674764E-4,0.0017499044,7.328359E-4,0.19358762,59.923035
34963,0,0,1533.8071,119.86728,2442.6824,109.46629,2.9825594E-4,0.001780001,7.303434E-4,0.1929292,60.0689
34979,0,0,1533.8071,119.86728,2441.2373,109.401535,2.0723345E-4,0.0015419584,7.264212E-4,0.19189307,60.05734
34996,0,0,1533.8071,119.86728,2439.8738,109.34043,1.7100984E-4,0.0014472262,7.2292396E-4,0.19096924,59.93951
35013,0,0,1533.8071,119.86728,2438.6323,109.2848,1.7780176E-4,0.0014649883,7.192202E-4,0.18999085,60.06685
35031,0,0,1533.8071,119.86728,2437.4705,109.232735,2.6987668E-4,0.0017057833,7.1862567E-4,0.1898338,60.01626
35041,0,0,1524.0667,119.5506,2436.2974,109.18016,2.860516E-4,0.0017480841,7.198572E-4,0.19015914,60.372814
35061,0,0,1524.0667,119.5506,2435.1125,109.12706,2.1891115E-4,0.0015724979,7.207698E-4,0.1904002,60.069324
35079,0,0,1524.0667,119.5506,2433.9275,109.07395,2.0289943E-4,0.001530624,7.2170206E-4,0.19064647,60.085262
35090,0,0,1524.0667,119.5506,2432.7427,109.02085,2.0590163E-4,0.0015384753,7.2263204E-4,0.19089213,60.44593
35112,0,0,1524.0667,119.5506,2431.5576,108.96775,3.3663213E-4,0.0018803626,7.2402984E-4,0.19126138,59.972538
35129,0,0,1524.0667,119.5506,2430.3728,108.91465,3.1212016E-4,0.0018162588,7.256905E-4,0.19170007,60.107773
35143,0,0,1524.0667,119.5506,2429.188,108.86156,2.2454982E-4,0.0015872442,7.2700926E-4,0.19204843,60.514492
35159,0,0,1528.1738,119.68413,2428.0125,108.808876,4.8107147E-4,0.0022581015,7.287145E-4,0.19249889,60.50791
35178,0,0,1569.2643,121.020065,2426.8699,108.757675,4.4432282E-4,0.002161996,7.307897E-4,0.19304708,60.02282
35193,0,0,1622.5834,122.753586,2425.8564,108.71226,4.512132E-4,0.0021800157,7.3284376E-4,0.19358969,60.49831
35210,0,0,1626.1738,122.870316,2424.9302,108.670746,4.9600966E-4,0.0022971677,7.350782E-4,0.19417994,60.45496
35227,0,0,1608.5428,122.2971,2423.9702,108.62772,4.876103E-4,0.0022752017,7.37399E-4,0.19479302,60.411453
35239,0,0,1667.5809,124.21655,2423.001,108.5843,7.570186E-4,0.00297976,7.405404E-4,0.19562283,60.38484
35263,0,0,1667.781,124.22305,2422.1594,108.54658,5.132107E-4,0.002342152,7.43542E-4,0.19641575,59.900963
35279,0,0,1717.9,125.85253,2421.3489,108.510254,5.536447E-4,0.0024478952,7.461509E-4,0.19710493,59.975388
35290,0,0,1740.6666,126.59272,2420.6711,108.47988,5.913072E-4,0.0025463905,7.490082E-4,0.19785972,60.2817
35312,0,0,1768.3547,127.49292,2420.0083,108.45018,5.842455E-4,0.0025279226,7.519266E-4,0.19863066,59.941387
35329,0,0,1785.4833,128.0498,2419.4404,108.42473,5.186392E-4,0.0023563488,7.546441E-4,0.19934851,59.960682
35340,0,0,1826.1929,129.37335,2418.9663,108.40349,5.3094036E-4,0.0023885188,7.571999E-4,0.20002365,60.25514
35361,0,0,1827.2214,129.4068,2418.474,108.381424,5.183652E-4,0.0023556321,7.597105E-4,0.20068687,59.960682
35379,0,0,1817.9952,129.10684,2418.0144,108.360825,5.2072306E-4,0.0023617984,7.622334E-4,0.20135331,59.980232
35395,0,0,1819.3309,129.15027,2417.531,108.339165,7.2867016E-4,0.002905623,7.6541444E-4,0.20219363,60.031773
35412,0,0,1844.2476,129.96036,2417.079,108.31891,6.896801E-4,0.0028036563,7.689515E-4,0.203128,59.95736
35429,0,0,1878.1976,131.06415,2416.6968,108.30177,0.0010407995,0.0037219059,7.736262E-4,0.20436287,60.039364
35446,0,0,1936.1381,132.9479,2416.4236,108.28953,9.7496464E-4,0.0035497341,7.789909E-4,0.20578003,59.93093
35458,0,0,1966.1761,133.9245,2416.2427,108.281425,4.6681054E-4,0.0022208062,7.8257394E-4,0.20672652,60.43436
35475,0,0,2007.0834,135.25449,2416.159,108.27767,5.6208944E-4,0.0024699802,7.851531E-4,0.20740785,60.30552
35490,0,0,2043.8905,136.45117,2416.188,108.27898,5.4422463E-4,0.00242326,7.878466E-4,0.20811936,60.378765
35508,0,0,2182.1072,140.94489,2416.412,108.289024,0.0010111616,0.0036443966,7.920496E-4,0.20922965,60.369797
35523,0,0,2375.4856,147.23203,2417.037,108.317024,0.0015400215,0.0050274744,7.98987E-4,0.21106222,60.329098
35540,0,0,2728.9167,158.72281,2418.3003,108.373634,0.0014408602,0.004768147,8.0681365E-4,0.21312974,60.27528
35561,0,0,3358.2095,179.18243,2420.7402,108.48298,0.0015753183,0.0051197833,8.1484136E-4,0.21525037,60.094837
35575,0,0,3961.1667,198.78583,2424.6375,108.65763,0.001742727,0.0055575916,8.238521E-4,0.21763065,60.221962
35594,0,0,4610.831,219.90778,2430.0251,108.89907,0.001711338,0.0054755025,8.332371E-4,0.22010982,60.155594
35607,0,0,4747.1,224.33818,2436.5125,109.1898,0.0013671744,0.004575444,8.4141013E-4,0.22226883,60.25793
35627,0,0,4777.1357,225.3147,2443.043,109.48245,0.0011710211,0.0040624626,8.480241E-4,0.224016,60.213657
35643,0,0,4784.088,225.54073,2449.5671,109.774826,0.0012077999,0.0041586463,8.54233E-4,0.22565615,60.193466
35660,0,0,4810.2144,226.39015,2456.1826,110.07129,0.0012009039,0.004140612,8.6070085E-4,0.22736472,60.185097
35672,0,0,4781.9097,225.46991,2462.7788,110.3669,9.7414345E-4,0.0035475865,8.6647464E-4,0.22888991,60.159473
35696,0,0,4754.6333,224.5831,2469.31,110.659584,0.0010166611,0.003658779,8.717914E-4,0.2302944,59.693245
35710,0,0,4746.019,224.30302,2475.7988,110.95038,5.5731914E-4,0.0024575046,8.757609E-4,0.231343,59.867218
35729,0,0,4718.943,223.42273,2482.2637,111.24009,6.4928865E-4,0.002698024,8.788557E-4,0.23216054,59.808727
35745,0,0,4688.6855,222.439,2488.6343,111.52558,6.3204434E-4,0.0026529266,8.820751E-4,0.23301098,59.785023
35763,0,0,4647.1523,221.08865,2494.9387,111.80811,6.3527765E-4,0.0026613823,8.853172E-4,0.23386744,59.856083
35779,0,0,4636.588,220.7452,2501.1775,112.08769,4.9582374E-4,0.0022966815,8.8814885E-4,0.23461543,59.89787
35790,0,0,4622.4355,220.28506,2507.3904,112.36612,5.219713E-4,0.002365063,8.907748E-4,0.23530912,60.33212
35812,0,0,4602.645,219.64163,2513.5596,112.642586,5.462482E-4,0.0024285521,8.935978E-4,0.23605482,59.8632
35829,0,0,4582.2383,218.97818,2519.6807,112.91689,4.6060537E-4,0.0022045784,8.9621823E-4,0.23674706,59.93184
35846,0,0,4561.0117,218.28804,2525.7515,113.18895,4.766634E-4,0.0022465733,8.986835E-4,0.2373983,59.909386
35862,0,0,4540.5073,217.6214,2531.7734,113.45882,4.3215725E-4,0.0021301806,9.010159E-4,0.23801443,60.02112
35877,0,0,4519.9,216.95142,2537.7458,113.72647,4.8568906E-4,0.0022701772,9.033951E-4,0.23864292,59.957207
35896,0,0,4498.881,216.26805,2543.6694,113.99192,4.7565185E-4,0.002243928,9.057986E-4,0.23927781,59.928852
35912,0,0,4483.7046,215.77463,2549.5417,114.25509,3.475023E-4,0.0019087903,9.078331E-4,0.23981526,60.064484
35927,0,0,4483.7046,215.77463,2555.4038,114.51779,2.8792542E-4,0.0017529845,9.0944E-4,0.24023974,59.985603
35941,0,0,4483.7046,215.77463,2561.2659,114.780495,2.990961E-4,0.0017821982,9.10779E-4,0.24059346,59.93084
35962,0,0,4456.1216,214.87785,2567.1038,115.04211,3.3793924E-4,0.001883781,9.123437E-4,0.24100679,59.970093
35979,0,0,4416.95,213.60431,2572.8542,115.29981,4.0452505E-4,0.0020579165,9.143161E-4,0.24152784,59.965023
35995,0,0,4375.3213,212.25087,2578.5085,115.55321,3.920402E-4,0.0020252662,9.1638794E-4,0.24207515,59.932262
36007,0,0,4375.3213,212.25087,2584.1125,115.804344,3.2215225E-4,0.0018424948,9.181094E-4,0.24252987,60.407475
36028,0,0,4375.3213,212.25087,2589.7163,116.05547,3.3525625E-4,0.0018767645,9.1964775E-4,0.24293625,59.976517
36044,0,0,4375.3213,212.25087,2595.3206,116.30661,3.3279925E-4,0.0018703388,9.212124E-4,0.24334958,60.508865
36057,0,0,4375.3213,212.25087,2600.924,116.55773,2.461539E-4,0.0016437434,9.224895E-4,0.24368694,60.326183
36079,0,0,4375.3213,212.25087,2606.5283,116.808876,2.623999E-4,0.0016862301,9.237273E-4,0.2440139,59.977394
36095,0,0,4354.51,211.57425,2612.1074,117.05891,4.4307625E-4,0.0021587359,9.2565035E-4,0.24452192,59.984093
36113,0,0,4324.874,210.61072,2617.6116,117.305565,4.333388E-4,0.0021332707,9.279657E-4,0.24513355,60.003357
36128,0,0,4294.831,209.63396,2623.0662,117.55,4.3516458E-4,0.0021380452,9.301225E-4,0.2457033,60.024387
36145,0,0,4294.831,209.63396,2628.4783,117.79255,3.3295545E-4,0.0018707473,9.31879E-4,0.24616727,59.990124
36162,0,0,4294.831,209.63396,2633.8904,118.03508,3.5211968E-4,0.0019208657,9.334678E-4,0.24658698,60.072067
36177,0,0,4276.2715,209.03055,2639.2808,118.27665,3.300809E-4,0.0018632298,9.351201E-4,0.24702346,60.003857
36196,0,0,4256.893,208.40051,2644.626,118.51619,3.3421317E-4,0.0018740365,9.368089E-4,0.24746957,59.990673
36212,0,0,4235.3594,207.70041,2649.922,118.75353,3.834943E-4,0.0020029168,9.3866815E-4,0.24796072,60.06879
36229,0,0,4235.3594,207.70041,2655.1929,118.98973,2.4738425E-4,0.001646961,9.400605E-4,0.24832852,59.960697
36239,0,0,4235.3594,207.70041,2660.4631,119.225914,2.7290487E-4,0.0017137027,9.412384E-4,0.2486397,60.450966
36256,0,0,4235.3594,207.70041,2665.7336,119.46211,2.6811974E-4,0.0017011885,9.425419E-4,0.24898402,60.44991
36279,0,0,4213.3145,206.98369,2670.9783,119.69714,2.4384068E-4,0.0016376937,9.4374205E-4,0.24930106,59.949528
36295,0,0,4190.857,206.25354,2676.1694,119.92977,2.48393E-4,0.001649599,9.449018E-4,0.24960741,60.031483
36313,0,0,4174.2427,205.71338,2681.307,120.16,2.1951662E-4,0.0015740814,9.4598014E-4,0.24989226,59.906826
36322,0,0,4174.2427,205.71338,2686.4316,120.38967,1.1378815E-4,0.0012975796,9.4663585E-4,0.2500655,60.51776
36345,0,0,4174.2427,205.71338,2691.557,120.619354,1.3361224E-4,0.0013494237,9.4707496E-4,0.2501815,60.02199
36362,0,0,4174.2427,205.71338,2696.6816,120.849014,1.0310984E-4,0.0012696536,9.4745634E-4,0.25028223,60.09001
36372,0,0,4174.2427,205.71338,2701.807,121.0787,1.0240115E-4,0.0012678002,9.4769604E-4,0.25034556,60.508945
36395,0,0,4174.2427,205.71338,2706.9316,121.30836,1.02534024E-4,0.0012681477,9.479603E-4,0.25041535,60.02106
36409,0,0,4174.2427,205.71338,2712.0566,121.538025,1.0250911E-4,0.0012680825,9.482682E-4,0.2504967,60.116287
36429,0,0,4174.2427,205.71338,2717.1816,121.76769,9.325584E-5,0.0012438834,9.485386E-4,0.25056812,60.060085
36439,0,0,4174.2427,205.71338,2722.3066,121.99737,9.499083E-5,0.0012484207,9.48832E-4,0.25064564,60.531216
36462,0,0,4174.2427,205.71338,2727.4316,122.227036,1.3175362E-4,0.001344563,9.4926736E-4,0.25076064,60.08076
36479,0,0,4174.2427,205.71338,2732.5566,122.45671,1.3177207E-4,0.0013446113,9.497697E-4,0.25089332,60.04638
36497,0,0,4174.2427,205.71338,2737.6816,122.68638,1.3176861E-4,0.0013446022,9.5024775E-4,0.25101963,59.88831
36512,0,0,4174.2427,205.71338,2742.8066,122.91605,1.3176927E-4,0.001344604,9.5071865E-4,0.25114402,60.12436
36524,0,0,4142.355,204.67665,2747.9026,123.144424,9.851081E-4,0.003576261,9.5395197E-4,0.25199813,60.373745
36545,0,0,4098.674,203.25647,2752.901,123.368416,8.25107E-4,0.0031578252,9.587382E-4,0.2532625,60.046055
36562,0,0,3970.4023,199.0861,2757.66,123.58169,8.4275403E-4,0.003203976,9.631942E-4,0.2544396,60.072823
36578,0,0,3819.569,194.18219,2762.1274,123.78189,8.394452E-4,0.0031953226,9.6779806E-4,0.25565574,60.091293
36589,0,0,3651.2048,188.70831,2766.1587,123.96255,0.0010597387,0.0037714355,9.730075E-4,0.2570319,60.501682
36608,0,0,3570.712,186.09132,2769.9446,124.13221,4.8285502E-4,0.0022627655,9.768133E-4,0.2580372,60.30118
36625,0,0,3481.9143,183.20433,2773.53,124.292885,5.910207E-4,0.0025456413,9.795647E-4,0.25876406,60.387264
36645,0,0,3455.3547,182.34082,2776.975,124.44728,2.8020577E-4,0.001732796,9.815898E-4,0.259299,59.978
36662,0,0,3455.3547,182.34082,2780.3884,124.60024,2.1217733E-4,0.0015548875,9.827511E-4,0.2596058,59.972412
36677,0,0,3455.3547,182.34082,2783.802,124.75322,2.2493266E-4,0.0015882454,9.83828E-4,0.25989026,60.068996
36695,0,0,3426.1309,181.39069,2787.182,124.904686,4.2853542E-4,0.0021207088,9.85576E-4,0.26035202,60.01244
36706,0,0,3393.1143,180.31726,2790.4878,125.05283,3.9035993E-4,0.002020872,9.876885E-4,0.26091006,60.508358
36729,0,0,3381.7356,179.94731,2793.7395,125.198555,3.975178E-4,0.0020395913,9.897426E-4,0.26145267,60.018543
36739,0,0,3381.7356,179.94731,2796.9778,125.34367,2.657128E-4,0.0016948939,9.91372E-4,0.2618831,60.50176
36756,0,0,3381.7356,179.94731,2800.2158,125.48879,2.5709812E-4,0.0016723648,9.926466E-4,0.2622198,60.455746
36778,0,0,3381.7356,179.94731,2803.454,125.6339,1.7584921E-4,0.0014598821,9.936284E-4,0.26247916,59.99194
36790,0,0,3381.7356,179.94731,2806.6924,125.77903,2.4139628E-4,0.0016313011,9.946128E-4,0.26273918,60.474323
36810,0,0,3381.7356,179.94731,2809.9304,125.92413,2.291062E-4,0.00159916,9.957165E-4,0.26303077,60.00619
36829,0,0,3381.7356,179.94731,2813.1685,126.069244,2.3141058E-4,0.0016051865,9.96797E-4,0.26331615,60.047543
36839,0,0,3347.6929,178.84052,2816.3713,126.21278,3.7273578E-4,0.001974781,9.983017E-4,0.26371366,60.42718
36863,0,0,3307.4976,177.53368,2819.4812,126.35214,6.3854124E-4,0.0026699174,0.0010011267,0.2644599,59.990807
36878,0,0,3218.7024,174.64676,2822.4397,126.484726,7.934461E-4,0.0030750255,0.0010050874,0.26550618,60.058193
36889,0,0,3116.2644,171.31628,2825.1768,126.60738,0.001088005,0.0038453578,0.0010102903,0.26688063,60.531414
36912,0,0,3038.6453,168.79272,2827.6794,126.71954,0.0010327753,0.0037009208,0.0010159651,0.2683797,60.052994
36922,0,0,2998.45,167.4859,2830.053,126.825905,7.0896745E-4,0.0028540965,0.0010205182,0.26958245,60.562756
36945,0,0,2955.1785,166.07904,2832.3284,126.92788,7.696814E-4,0.003012876,0.0010245437,0.2706458,60.048767
36962,0,0,2909.6548,164.59897,2834.4973,127.02508,3.5604773E-4,0.0019311386,0.0010273911,0.27139798,60.074715
36972,0,0,2862.2786,163.05869,2836.5557,127.117325,4.3360403E-4,0.002133964,0.0010295094,0.27195755,60.543907
36990,0,0,2862.2786,163.05869,2838.557,127.20701,2.4228127E-4,0.0016336156,0.001031209,0.27240652,60.47739
37012,0,0,2862.2786,163.05869,2840.558,127.29669,2.9425006E-4,0.0017695248,0.0010324916,0.27274534,59.994762
37027,0,0,2862.2786,163.05869,2842.5593,127.38637,2.8450592E-4,0.0017440418,0.0010337963,0.27309,60.05204
37039,0,0,2836.85,162.23193,2844.5303,127.47469,3.1789427E-4,0.0018313592,0.001035106,0.27343598,60.490562
37062,0,0,2808.2405,161.30179,2846.4404,127.560295,3.1163395E-4,0.0018149873,0.0010364971,0.27380344,60.044888
37077,0,0,2775.8381,160.24832,2848.2754,127.642525,3.1280774E-4,0.0018180569,0.0010379293,0.27418178,60.119396
37089,0,0,2765.688,159.9183,2850.0588,127.72246,4.8101117E-4,0.0022579436,0.0010398887,0.2746994,60.53243
37110,0,0,2751.4333,159.45486,2851.818,127.80129,2.870535E-4,0.0017507043,0.0010417906,0.27520177,60.317375
37126,0,0,2732.669,158.84479,2853.5337,127.878174,3.2342057E-4,0.0018458117,0.0010434334,0.27563575,60.436783
37143,0,0,2732.669,158.84479,2855.226,127.95402,5.910157E-5,0.0011545629,0.0010441967,0.27583736,60.292023
37156,0,0,2732.669,158.84479,2856.9187,128.02988,1.08661385E-4,0.0012841721,0.0010445392,0.27592784,60.378033
37173,0,0,2732.669,158.84479,2858.6113,128.10571,8.172006E-5,0.001213715,0.0010449872,0.27604622,60.33068
37189,0,0,2732.669,158.84479,2860.304,128.18158,8.677156E-5,0.0012269256,0.0010452655,0.2761197,60.280617
37212,0,0,2732.669,158.84479,2861.9963,128.25742,5.6723875E-5,0.0011483447,0.0010454024,0.2761559,59.804718
37229,0,0,2732.669,158.84479,2863.689,128.33327,6.2357816E-5,0.0011630786,0.0010454761,0.27617535,59.93452
37239,0,0,2713.495,158.2214,2865.359,128.40811,2.5619887E-4,0.001670013,0.0010461966,0.27636567,60.36339
37262,0,0,2713.495,158.2214,2867.0059,128.48192,1.3615892E-4,0.0013560838,0.0010470176,0.27658257,59.88516
37279,0,0,2713.495,158.2214,2868.653,128.55574,1.586664E-4,0.0014149455,0.0010476205,0.27674183,60.027992
37289,0,0,2713.495,158.2214,2870.3003,128.62956,5.360392E-5,0.0011401854,0.0010478994,0.2768155,60.401745
37312,0,0,2713.495,158.2214,2871.9473,128.70337,7.3303134E-5,0.0011917029,0.0010479651,0.27683285,59.927383
37329,0,0,2713.495,158.2214,2873.5942,128.77718,6.960953E-5,0.0011820433,0.001048078,0.27686265,59.97207
37345,0,0,2713.495,158.2214,2875.2415,128.85098,8.417591E-5,0.0012201375,0.0010482552,0.2769095,60.10125
37362,0,0,2713.495,158.2214,2876.8884,128.92479,6.2573934E-5,0.0011636438,0.0010484116,0.2769508,59.979416
37378,0,0,2713.495,158.2214,2878.5354,128.9986,6.662431E-5,0.0011742364,0.0010485301,0.27698213,59.993134
37395,0,0,2713.495,158.2214,2880.1826,129.07242,6.196649E-5,0.0011620552,0.0010486459,0.2770127,60.110165
37412,0,0,2713.495,158.2214,2881.8293,129.14621,8.522021E-5,0.0012228684,0.0010487429,0.27703834,60.032295
37428,0,0,2713.495,158.2214,2883.4766,129.22003,1.2457259E-4,0.0013257831,0.0010489747,0.27709955,60.02087
37443,0,0,2713.495,158.2214,2885.1235,129.29384,1.4275289E-4,0.0013733284,0.0010495102,0.27724102,60.39196
37460,0,0,2713.495,158.2214,2886.7705,129.36765,1.3934409E-4,0.0013644136,0.0010501576,0.27741203,60.410076
37476,0,0,2713.495,158.2214,2888.4175,129.44145,1.3998324E-4,0.0013660851,0.0010506862,0.27755168,60.214737
37493,0,0,2713.495,158.2214,2890.0647,129.51527,9.53399E-5,0.0012493336,0.0010509855,0.27763075,60.288208
37508,0,0,2713.495,158.2214,2891.712,129.5891,1.03710525E-4,0.0012712245,0.0010511942,0.27768585,60.265728
37528,0,0,2713.495,158.2214,2893.359,129.6629,6.145516E-5,0.001160718,0.001051403,0.27774101,59.87473
37543,0,0,2713.495,158.2214,2895.0059,129.73671,6.919051E-5,0.0011809475,0.0010515988,0.27779275,60.288162
37559,0,0,2713.495,158.2214,2896.6533,129.81053,6.774013E-5,0.0011771545,0.0010517966,0.277845,60.352333
37576,0,0,2713.495,158.2214,2898.3003,129.88434,6.801207E-5,0.0011778657,0.0010519123,0.27787557,60.301186
37595,0,0,2713.495,158.2214,2899.9473,129.95815,6.401631E-5,0.0011674159,0.0010519696,0.27789068,59.829407
37612,0,0,2713.495,158.2214,2901.5947,130.03197,6.476552E-5,0.0011693753,0.0010521081,0.27792728,59.86072
37628,0,0,2713.495,158.2214,2903.2417,130.10577,4.4569526E-5,0.0011165586,0.0010521514,0.27793872,59.98549
37643,0,0,2713.495,158.2214,2904.8887,130.17958,4.45976E-5,0.001116632,0.0010520963,0.27792415,60.294094
37662,0,0,2713.495,158.2214,2906.5361,130.25342,5.256849E-5,0.0011374776,0.0010521833,0.27794716,59.87388
37673,0,0,2713.495,158.2214,2908.183,130.32722,5.1073952E-5,0.0011335689,0.0010521713,0.27794397,60.244827
37689,0,0,2713.495,158.2214,2909.83,130.40103,6.628288E-5,0.0011733435,0.0010520959,0.27792406,60.355106
37710,0,0,2713.495,158.2214,2911.477,130.47484,6.34312E-5,0.0011658857,0.001052068,0.27791667,59.933903
37728,0,0,2713.495,158.2214,2913.124,130.54865,6.39659E-5,0.0011672841,0.001052106,0.27792674,59.947945
37739,0,0,2713.495,158.2214,2914.7715,130.62248,5.7414043E-5,0.0011501496,0.0010521673,0.2779429,60.339695
37762,0,0,2713.495,158.2214,2916.4185,130.69629,5.8667672E-5,0.0011534281,0.001052292,0.27797586,59.90035
37777,0,0,2713.495,158.2214,2918.0654,130.7701,5.8432615E-5,0.0011528134,0.0010524233,0.27801055,60.046497
37790,0,0,2713.495,158.2214,2919.713,130.84393,6.812038E-5,0.0011781489,0.001052551,0.27804428,60.376156
37812,0,0,2713.495,158.2214,2921.3599,130.91774,6.6303925E-5,0.0011733985,0.0010527023,0.27808425,59.971115
37829,0,0,2713.495,158.2214,2923.0068,130.99155,6.664451E-5,0.0011742893,0.0010528406,0.2781208,59.97572
37839,0,0,2713.495,158.2214,2924.6538,131.06535,5.924257E-5,0.0011549316,0.0010529518,0.27815017,60.41608
37862,0,0,2713.495,158.2214,2926.3013,131.13918,1.1519853E-5,0.0010301268,0.0010527452,0.27809557,59.974533
37878,0,0,2713.495,158.2214,2927.9482,131.21298,3.0341336E-5,0.001079349,0.0010523357,0.2779874,60.018635
37889,0,0,2713.495,158.2214,2929.5952,131.28679,4.054414E-5,0.0011060314,0.0010519827,0.27789417,60.445484
37912,0,0,2713.495,158.2214,2931.2422,131.3606,3.863111E-5,0.0011010284,0.0010517237,0.27782574,60.012627
37930,0,0,2713.495,158.2214,2932.8894,131.43442,7.8248704E-5,0.0012046366,0.0010516254,0.27779976,60.014442
37942,0,0,2713.495,158.2214,2934.5366,131.50824,3.9209837E-5,0.0011025419,0.0010515087,0.27776894,60.437813
37961,0,0,2713.495,158.2214,2936.1836,131.58205,4.6529625E-5,0.0011216847,0.0010513184,0.27771866,60.490383
37978,0,0,2713.495,158.2214,2937.831,131.65587,6.639786E-5,0.0011736442,0.0010511973,0.2776867,60.006577
37993,0,0,2713.495,158.2214,2939.478,131.72968,3.934779E-5,0.0011029027,0.0010510398,0.27764505,60.44135
38012,0,0,2713.495,158.2214,2941.125,131.80348,6.0021935E-5,0.0011569698,0.0010509206,0.27761358,60.462986
38028,0,0,2713.495,158.2214,2942.772,131.87729,5.6145534E-5,0.0011468322,0.0010508592,0.27759737,59.985195
38046,0,0,2713.495,158.2214,2944.419,131.9511,4.3947744E-5,0.0011149325,0.0010506422,0.27754006,60.137966
38062,0,0,2713.495,158.2214,2946.0662,132.02492,4.623483E-5,0.0011209137,0.0010504776,0.27749658,59.987045
38079,0,0,2713.495,158.2214,2947.7134,132.09874,4.5806002E-5,0.0011197922,0.0010504021,0.2774766,60.006557
38089,0,0,2713.495,158.2214,2949.36,132.17253,5.044556E-5,0.0011319256,0.0010503302,0.27745762,60.352962
38112,0,0,2713.495,158.2214,2951.007,132.24634,3.642612E-5,0.0010952619,0.0010502313,0.2774315,59.95828
38128,0,0,2713.495,158.2214,2952.654,132.32014,3.905477E-5,0.0011021363,0.0010501061,0.27739844,59.9793
38139,0,0,2713.495,158.2214,2954.3013,132.39397,7.350488E-5,0.0011922305,0.0010500185,0.27737528,60.387383
38157,0,0,2713.495,158.2214,2955.9485,132.46779,6.704549E-5,0.0011753378,0.0010499385,0.27735415,60.425274
38178,0,0,2713.495,158.2214,2957.596,132.54161,3.821668E-5,0.0010999446,0.0010496636,0.27728155,59.984467
38195,0,0,2713.495,158.2214,2959.243,132.61542,2.9436884E-5,0.0010769835,0.0010492408,0.27716985,59.914253
38211,0,0,2713.495,158.2214,2960.8901,132.68924,3.1083095E-5,0.0010812888,0.001048799,0.27705315,60.00643
38228,0,0,2713.495,158.2214,2962.537,132.76305,3.077443E-5,0.0010804816,0.0010483513,0.27693486,60.01895
38240,0,0,2713.495,158.2214,2964.1846,132.83687,6.1073195E-5,0.0011597191,0.0010447515,0.27598393,60.302357
38262,0,0,2713.495,158.2214,2964.8357,132.86606,1.10071276E-4,0.0012878592,0.0010336342,0.27304715,59.962547
38278,0,0,2713.495,158.2214,2963.508,132.80656,1.00884135E-4,0.0012638329,0.0010196189,0.26934487,60.041943
38289,0,0,2713.495,158.2214,2961.1946,132.70288,1.18757074E-4,0.0013105744,0.0010126098,0.2674933,60.327526
38312,0,0,2713.495,158.2214,2958.966,132.60303,1.154059E-4,0.0013018104,0.0010030889,0.26497826,60.006184
38328,0,0,2713.495,158.2214,2956.7861,132.50533,1.16034236E-4,0.0013034536,9.895052E-4,0.26138997,60.047813
38344,0,0,2713.495,158.2214,2954.6565,132.40988,4.919447E-5,0.0011286538,9.791353E-4,0.2586506,60.246334
38361,0,0,2713.495,158.2214,2952.5806,132.31685,8.9862355E-5,0.0012350087,9.7227085E-4,0.25683728,60.011013
38378,0,0,2713.495,158.2214,2950.56,132.2263,8.223713E-5,0.0012150671,9.6645136E-4,0.25530002,60.001854
38390,0,0,2713.495,158.2214,2948.5562,132.1365,7.271384E-5,0.0011901618,9.625712E-4,0.254275,60.335823
38412,0,0,2713.495,158.2214,2946.5554,132.04684,1.3462765E-4,0.0013520792,9.6011977E-4,0.25362742,59.965164
38422,0,0,2713.495,158.2214,2944.5571,131.95729,1.2301882E-4,0.0013217197,9.5777895E-4,0.25300908,60.508
38439,0,0,2713.495,158.2214,2942.5603,131.8678,1.1882331E-4,0.0013107476,9.557592E-4,0.25247553,60.31075
38462,0,0,2713.495,158.2214,2940.5654,131.7784,1.1960997E-4,0.0013128049,9.538032E-4,0.25195885,59.972424
38479,0,0,2713.495,158.2214,2938.5708,131.68901,1.1946247E-4,0.0013124191,9.5183525E-4,0.25143898,60.012196
38489,0,0,2713.495,158.2214,2936.5757,131.59961,9.2609014E-5,0.0012421918,9.5062697E-4,0.2511198,60.30958
38512,0,0,2713.495,158.2214,2934.581,131.51022,1.4853303E-4,0.0013884446,9.5000584E-4,0.2509557,59.913597
38530,0,0,2713.495,158.2214,2932.5864,131.42084,1.3804728E-4,0.0013610222,9.4998756E-4,0.25095087,59.876328
38539,0,0,2696.7786,157.67792,2930.5718,131.33057,2.901203E-4,0.0017587247,9.5057435E-4,0.2511059,60.353504
38561,0,0,2679.243,157.1078,2928.5164,131.23843,2.6160665E-4,0.0016841555,9.512532E-4,0.25128523,60.035976
38578,0,0,2660.6833,156.5044,2926.4182,131.14441,2.6695293E-4,0.0016981371,9.51964E-4,0.25147298,60.054432
38593,0,0,2660.6833,156.5044,2924.2976,131.0494,1.608869E-4,0.0014207526,9.52372E-4,0.25158074,60.272552
38609,0,0,2660.6833,156.5044,2922.177,130.95435,1.807743E-4,0.0014727622,9.52672E-4,0.25166002,60.515865
38626,0,0,2660.6833,156.5044,2920.0562,130.85931,2.0195416E-4,0.0015281519,9.531409E-4,0.25178388,60.444584
38645,0,0,2660.6833,156.5044,2917.9358,130.76428,1.8018232E-4,0.001471214,9.5358543E-4,0.25190133,60.05109
38660,0,0,2660.6833,156.5044,2915.8152,130.66925,1.8426454E-4,0.0014818899,9.539655E-4,0.2520017,60.295834
38676,0,0,2660.6833,156.5044,2913.6943,130.57422,2.4996061E-5,0.0010653699,9.5389213E-4,0.25198233,60.353634
38692,0,0,2660.6833,156.5044,2911.5732,130.47916,3.2148404E-5,0.0010840747,9.5349754E-4,0.25187808,60.35886
38708,0,0,2660.6833,156.5044,2909.4524,130.38411,3.080734E-5,0.0010805676,9.530678E-4,0.25176457,60.30287
38722,0,0,2660.6833,156.5044,2907.3315,130.28906,3.105879E-5,0.0010812252,9.526134E-4,0.25164452,60.251266
38745,0,0,2660.6833,156.5044,2905.2117,130.19408,5.7716486E-5,0.0011509405,9.515894E-4,0.251374,59.770283
38759,0,0,2660.6833,156.5044,2903.0925,130.0991,5.271817E-5,0.001137869,9.5057616E-4,0.25110638,60.024433
38778,0,0,2660.6833,156.5044,2900.9746,130.00418,6.3100655E-5,0.0011650213,9.4984187E-4,0.2509124,59.893574
38796,0,0,2660.6833,156.5044,2898.8577,129.90932,4.661711E-5,0.0011219134,9.490316E-4,0.25069836,59.819473
38812,0,0,2660.6833,156.5044,2896.7415,129.81448,4.9707778E-5,0.0011299961,9.4862457E-4,0.25059083,59.933033
38828,0,0,2660.6833,156.5044,2894.625,129.71965,1.9473811E-5,0.0010509281,9.4836537E-4,0.25052238,59.965065
38843,0,0,2660.6833,156.5044,2892.5085,129.62479,2.514268E-5,0.0010657534,9.481221E-4,0.2504581,60.31653
38859,0,0,2660.6833,156.5044,2890.3923,129.52995,2.4079767E-5,0.0010629736,9.479617E-4,0.25041574,60.40659
38878,0,0,2660.6833,156.5044,2888.1934,129.43141,2.1274573E-5,0.0010556375,9.460446E-4,0.2499093,59.927654
38889,0,0,2660.6833,156.5044,2885.9106,129.32912,5.805441E-5,0.0011518244,9.4296335E-4,0.24909535,60.206944
38911,0,0,2660.6833,156.5044,2883.6282,129.22682,5.115819E-5,0.0011337893,9.3995995E-4,0.24830198,59.962433
38928,0,0,2660.6833,156.5044,2881.3306,129.12387,4.12185E-5,0.0011077949,9.37242E-4,0.24758399,59.971714
38945,0,0,2660.6833,156.5044,2879.0186,129.02025,5.0131308E-5,0.0011311037,9.3534164E-4,0.24708198,59.9677
38961,0,0,2660.6833,156.5044,2876.706,128.91663,2.2691429E-5,0.0010593429,9.3369064E-4,0.24664584,59.954475
38978,0,0,2660.6833,156.5044,2874.3938,128.813,2.7836406E-5,0.001072798,9.3193166E-4,0.24618119,59.959114
38992,0,0,2660.6833,156.5044,2871.9521,128.70358,8.079761E-5,0.0012113025,9.2947844E-4,0.24553315,60.252235
39009,0,0,2660.6833,156.5044,2869.2627,128.58305,7.086738E-5,0.0011853329,9.266197E-4,0.24477798,60.31481
39028,0,0,2660.6833,156.5044,2866.3093,128.4507,5.8781367E-5,0.0011537254,9.233295E-4,0.24390884,59.974
39047,0,0,2660.6833,156.5044,2863.0354,128.30397,3.973258E-5,0.001103909,9.193519E-4,0.2428581,59.860706
39064,0,0,2660.6833,156.5044,2859.4133,128.14166,2.6707901E-5,0.0010698467,9.151599E-4,0.24175072,58.007652
39077,0,0,2660.6833,156.5044,2855.5881,127.970245,5.3637497E-5,0.0011402732,9.110461E-4,0.24066402,63.54535
39094,0,0,2660.6833,156.5044,2851.7068,127.79631,4.8588197E-5,0.0011270682,9.0788637E-4,0.23982935,63.14597
39104,0,0,2660.6833,156.5044,2847.8042,127.621414,4.7931215E-5,0.0011253501,9.0523734E-4,0.23912957,63.372017
39127,0,0,2660.6833,156.5044,2843.902,127.44654,7.0776994E-5,0.0011850966,9.025696E-4,0.23842485,62.607655
39144,0,0,2660.6833,156.5044,2840.039,127.27342,6.6493405E-5,0.001173894,8.9902163E-4,0.23748761,62.22669
39160,0,0,2660.6833,156.5044,2836.275,127.10474,3.8408576E-5,0.0011004464,8.942437E-4,0.23622546,62.246063
39177,0,0,2660.6833,156.5044,2832.6123,126.940605,5.5556975E-5,0.001145293,8.884214E-4,0.23468742,61.994072
39194,0,0,2660.6833,156.5044,2828.8435,126.771706,6.296212E-5,0.001164659,8.8226126E-4,0.23306015,61.66612
39211,0,0,2660.6833,156.5044,2825.025,126.60058,6.157365E-5,0.0011610278,8.760257E-4,0.23141295,61.652508
39227,0,0,2660.6833,156.5044,2821.1975,126.429054,6.061982E-5,0.0011585334,8.696772E-4,0.22973594,61.437195
39244,0,0,2660.6833,156.5044,2817.414,126.259514,9.120994E-5,0.001238533,8.639459E-4,0.22822194,61.12203
39260,0,0,2660.6833,156.5044,2813.8196,126.09842,8.54743E-5,0.001223533,8.585479E-4,0.22679599,61.20413
39277,0,0,2660.6833,156.5044,2810.284,125.93998,1.326477E-4,0.0013469012,8.5157726E-4,0.2249546,61.093605
39294,0,0,2660.6833,156.5044,2807.0708,125.79599,6.478101E-5,0.0011694158,8.411753E-4,0.2222068,60.881454
39311,0,0,2660.6833,156.5044,2804.2278,125.66858,4.3377182E-5,0.0011134404,8.2936365E-4,0.21908659,61.018337
39327,0,0,2660.6833,156.5044,2801.666,125.55377,8.4488245E-5,0.0012209542,8.070832E-4,0.21320096,60.789
39340,0,0,2660.6833,156.5044,2799.3577,125.45033,7.677992E-5,0.0012007954,7.787768E-4,0.20572348,61.11503
39357,0,0,2660.6833,156.5044,2796.311,125.3138,8.699685E-5,0.0012275148,7.516282E-4,0.19855183,61.05143
39373,0,0,2660.6833,156.5044,2792.5752,125.146385,8.508118E-5,0.0012225049,7.3005003E-4,0.19285169,60.96177
39390,0,0,2660.6833,156.5044,2789.3088,125.0,8.544037E-5,0.0012234442,7.1835757E-4,0.18976298,60.900402
39407,0,0,2660.6833,156.5044,2786.5457,124.876175,5.1263625E-5,0.001134065,7.096574E-4,0.18746471,60.78756
39425,0,0,2660.6833,156.5044,2784.2478,124.7732,6.775055E-5,0.0011771817,6.983833E-4,0.18448652,60.431812
39440,0,0,2660.6833,156.5044,2782.2483,124.68359,6.465925E-5,0.0011690974,6.9046015E-4,0.18239352,60.692635
39453,0,0,2660.6833,156.5044,2780.418,124.60157,4.854701E-5,0.0011269605,6.850936E-4,0.18097588,60.627537
39477,0,0,2660.6833,156.5044,2778.7524,124.526924,5.4862227E-5,0.0011434761,6.792183E-4,0.17942387,60.093185
39494,0,0,2660.6833,156.5044,2777.2312,124.458755,1.0856239E-4,0.0012839132,6.7392155E-4,0.17802465,60.10455
39510,0,0,2660.6833,156.5044,2775.687,124.38956,9.849361E-5,0.0012575812,6.6887273E-4,0.17669095,60.155006
39525,0,0,2660.6833,156.5044,2774.1914,124.322525,1.00381505E-4,0.0012625185,6.6174497E-4,0.17480807,60.399254
39542,0,0,2300.8833,144.80655,2772.3762,124.24118,0.0040962775,0.011712612,6.6796807E-4,0.17645197,60.4627
39557,0,0,2200.707,141.54959,2770.067,124.137695,8.5570035E-5,0.0012237834,6.721984E-4,0.17756948,60.520508
39574,0,0,2084.738,137.7792,2767.643,124.029076,8.3757774E-4,0.0031904387,6.685092E-4,0.17659493,60.454304
39594,0,0,2084.738,137.7792,2765.1106,123.91558,1.1076225E-4,0.0012896662,6.661058E-4,0.17596005,59.83544
39604,0,0,2084.738,137.7792,2762.6926,123.80722,1.9229167E-4,0.0015028825,6.6343526E-4,0.17525457,60.555103
39627,0,0,2084.738,137.7792,2760.3547,123.70245,1.7700491E-4,0.0014629045,6.60381E-4,0.17444775,60.0325
39644,0,0,2062.8977,137.06912,2758.0994,123.60138,3.9894017E-4,0.002043311,6.583651E-4,0.17391524,60.037094
39660,0,0,2040.131,136.32893,2755.8464,123.50042,3.447148E-4,0.0019015005,6.5701E-4,0.17355727,60.15156
39676,0,0,2026.3905,135.8822,2753.537,123.39693,3.5488207E-4,0.0019280899,6.560745E-4,0.17331013,60.157497
39688,0,0,2026.3905,135.8822,2751.228,123.29345,1.1723934E-4,0.0013066052,6.549984E-4,0.17302588,60.539093
39711,0,0,2026.3905,135.8822,2748.9697,123.192245,1.6179736E-4,0.0014231335,6.535798E-4,0.17265113,60.009438
39725,0,0,2026.3905,135.8822,2746.7378,123.092224,1.5344273E-4,0.0014012845,6.5257313E-4,0.17238522,60.057224
39743,0,0,2026.3905,135.8822,2744.5056,122.99219,1.547093E-4,0.0014045968,6.517586E-4,0.17217003,60.020218
39760,0,0,2026.3905,135.8822,2742.2732,122.89214,1.4258917E-4,0.0013729002,6.5087655E-4,0.17193703,60.04532
39777,0,0,2015.3167,135.52216,2740.0327,122.79174,3.4999615E-4,0.0019153123,6.507968E-4,0.17191598,60.06791
39794,0,0,1999.731,135.01544,2737.7559,122.68971,3.2682996E-4,0.001854728,6.517063E-4,0.17215623,59.96938
39810,0,0,1983.6333,134.49207,2735.4412,122.585976,3.3117362E-4,0.0018660876,6.52825E-4,0.17245173,60.14394
39824,0,0,1966.2,133.9253,2733.0867,122.48046,3.3035918E-4,0.0018639576,6.539644E-4,0.17275274,60.339684
39840,0,0,1924.0548,132.55505,2730.6614,122.37178,4.5239148E-4,0.0021830974,6.556333E-4,0.17319359,60.484848
39857,0,0,1879.7524,131.11469,2728.134,122.258514,4.2951043E-4,0.0021232585,6.575691E-4,0.17370495,60.450073
39873,0,0,1879.7524,131.11469,2725.5527,122.14284,2.2556634E-4,0.0015899027,6.587937E-4,0.17402846,60.412636
39890,0,0,1831.4524,129.54436,2722.9153,122.02464,3.549372E-4,0.0019282342,6.6014065E-4,0.17438427,60.406734
39904,0,0,1799.6595,128.51071,2720.1562,121.901,3.3068017E-4,0.001864797,6.6182826E-4,0.17483008,60.228806
39926,0,0,1759.5643,127.20712,2717.3394,121.774765,3.9461727E-4,0.0020320057,6.636875E-4,0.17532119,59.86607
39940,0,0,1595.0881,121.85966,2714.2388,121.63581,0.0010901694,0.0038510184,6.677969E-4,0.17640674,60.423824
39956,0,0,1428.969,116.45878,2710.784,121.48099,9.597533E-4,0.0035099532,6.7306374E-4,0.17779806,60.35945
39973,0,0,1261.519,111.01463,2706.9448,121.308945,9.842063E-4,0.0035739029,6.7811355E-4,0.17913201,60.33203
39993,0,0,1164.9238,107.874115,2702.7876,121.12264,5.7084404E-4,0.0024928753,6.817433E-4,0.18009087,59.849247
40010,0,0,1062.9952,104.5602,2698.3586,120.924164,6.483494E-4,0.0026955677,6.8454375E-4,0.18083064,59.924404
40026,0,0,897.80237,99.18944,2693.6123,120.71146,9.567345E-4,0.0035020583,6.880835E-4,0.18176572,59.92702
40044,0,0,853.4048,97.74598,2688.7756,120.49471,3.583012E-4,0.0019370317,6.8822934E-4,0.18180424,59.870922
40054,0,0,829.10236,96.95586,2684.0286,120.281975,4.7050745E-4,0.0022304743,6.8624143E-4,0.18127911,60.34091
40077,0,0,803.8786,96.13578,2679.1794,120.06467,4.4946876E-4,0.0021754536,6.8543653E-4,0.18106648,59.939396
40093,0,0,783.9881,95.4891,2674.4578,119.85307,3.6886235E-4,0.0019646513,6.8472855E-4,0.18087946,59.92468
40109,0,0,763.1762,94.812454,2669.7693,119.64296,3.8397603E-4,0.0020041768,6.855685E-4,0.18110134,60.075226
40120,0,0,763.1762,94.812454,2665.0562,119.43175,9.678211E-5,0.0012531052,6.865411E-4,0.18135828,60.421158
40143,0,0,738.5714,94.012505,2660.3137,119.219215,3.2174273E-4,0.0018414238,6.874931E-4,0.18160976,59.880917
40160,0,0,720.119,93.41258,2655.538,119.0052,2.795626E-4,0.001731114,6.8896E-4,0.18199725,60.052696
40177,0,0,716.84045,93.305984,2650.7244,118.78948,2.2024741E-4,0.0015759926,6.901736E-4,0.18231782,60.022602
40187,0,0,698.18097,92.699326,2645.8794,118.57236,3.555408E-4,0.0019298127,6.917112E-4,0.18272401,60.38005
40210,0,0,694.9024,92.592735,2641.0127,118.35426,3.301733E-4,0.0018634715,6.9343066E-4,0.18317822,60.016136
40227,0,0,694.9024,92.592735,2636.137,118.13576,2.1695113E-4,0.0015673721,6.9470156E-4,0.18351394,59.98243
40243,0,0,676.24286,91.98607,2631.2395,117.91629,3.0890008E-4,0.0018078376,6.9600024E-4,0.18385701,59.922386
40260,0,0,672.9643,91.87948,2626.321,117.69587,2.9165964E-4,0.0017627503,6.974207E-4,0.18423223,60.07701
40277,0,0,654.30475,91.27282,2621.3718,117.474075,3.057643E-4,0.0017996368,6.988328E-4,0.18460527,60.04112
40293,0,0,649.1786,91.106155,2616.3984,117.2512,3.1152176E-4,0.0018146938,7.0030737E-4,0.1849948,59.98361
40309,0,0,628.67145,90.43942,2611.3904,117.026764,3.1044224E-4,0.0018118706,7.016751E-4,0.18535608,60.055885
40323,0,0,602.8333,89.59937,2606.3447,116.80066,4.3951682E-4,0.0021494273,7.034933E-4,0.1858364,60.504707
40340,0,0,601.8095,89.566086,2601.2483,116.572266,4.1531533E-4,0.0020861356,7.055639E-4,0.1863834,60.458267
40357,0,0,600.7857,89.53281,2596.1494,116.34376,4.1985314E-4,0.0020980027,7.0764974E-4,0.18693438,60.434353
40370,0,0,598.52856,89.45942,2591.048,116.11515,9.32134E-4,0.003437723,7.113235E-4,0.18790485,60.328053
40387,0,0,598.52856,89.45942,2585.9426,115.88636,1.1075684E-4,0.0012896521,7.135336E-4,0.18848866,60.35963
40410,0,0,598.52856,89.45942,2580.8372,115.657555,2.6476505E-4,0.0016924154,7.142911E-4,0.18868878,59.903202
40420,0,0,598.52856,89.45942,2575.7314,115.42876,1.8922752E-4,0.0014948691,7.152687E-4,0.18894702,60.391605
40443,0,0,596.2714,89.38603,2570.6233,115.19983,2.4299124E-4,0.0016354723,7.160886E-4,0.1891636,59.869907
40458,0,0,594.0143,89.31265,2565.5098,114.97067,2.3291055E-4,0.0016091092,7.1669376E-4,0.18932346,59.967083
40470,0,0,591.75714,89.239265,2560.418,114.74249,2.3480067E-4,0.0016140523,7.163902E-4,0.18924327,60.437237
40494,0,0,591.75714,89.239265,2555.3816,114.51679,9.0014E-5,0.0012354052,7.151917E-4,0.18892668,59.92515
40509,0,0,591.75714,89.239265,2550.3748,114.29242,1.171615E-4,0.0013064016,7.1381713E-4,0.18856356,60.064556
40522,0,0,591.75714,89.239265,2545.3645,114.06789,7.463354E-5,0.0011951822,7.123567E-4,0.18817776,60.470627
40542,0,0,591.75714,89.239265,2540.3508,113.84321,8.621077E-5,0.001225459,7.085637E-4,0.18717581,59.9315
40556,0,0,591.75714,89.239265,2535.4353,113.622925,8.4040046E-5,0.0012197822,7.034841E-4,0.18583396,60.33029
40570,0,0,591.75714,89.239265,2530.6753,113.40961,8.444705E-5,0.0012208465,6.986235E-4,0.18454997,60.486214
40589,0,0,591.75714,89.239265,2526.001,113.20013,5.1629606E-5,0.0011350221,6.949883E-4,0.1835897,60.376328
40606,0,0,591.75714,89.239265,2521.3215,112.990425,5.7782876E-5,0.0011511142,6.920734E-4,0.18281968,60.435604
40623,0,0,591.75714,89.239265,2516.7158,112.78403,6.222215E-5,0.0011627239,6.900281E-4,0.18227938,60.36601
40639,0,0,591.75714,89.239265,2512.2117,112.58218,7.764746E-5,0.0012030642,6.882399E-4,0.18180701,60.372894
40656,0,0,591.75714,89.239265,2507.815,112.38514,7.475521E-5,0.0011955004,6.861535E-4,0.18125588,60.31658
40673,0,0,591.75714,89.239265,2503.4783,112.190796,6.177729E-5,0.0011615604,6.8447314E-4,0.180812,60.249336
40690,0,0,591.75714,89.239265,2499.1387,111.99632,6.421065E-5,0.0011679241,6.83098E-4,0.18044873,60.282265
40707,0,0,591.75714,89.239265,2494.7966,111.80174,6.0485803E-5,0.001158183,6.81744E-4,0.18009105,60.183064
40720,0,0,591.75714,89.239265,2490.4548,111.60717,6.118421E-5,0.0011600094,6.80653E-4,0.17980285,60.208935
40740,0,0,591.75714,89.239265,2486.1611,111.41475,4.672285E-5,0.0011221899,6.7973376E-4,0.17956002,59.662735
40756,0,0,591.75714,89.239265,2481.9167,111.22454,4.9434355E-5,0.0011292811,6.787939E-4,0.17931175,60.349323
40770,0,0,591.75714,89.239265,2477.6975,111.03546,8.7600696E-5,0.001229094,6.7848834E-4,0.17923103,60.290646
40794,0,0,591.75714,89.239265,2473.478,110.84637,8.04445E-5,0.0012103791,6.7870144E-4,0.17928733,59.773304
40808,0,0,591.75714,89.239265,2469.2585,110.65727,8.180144E-5,0.0012139278,6.78941E-4,0.17935061,59.98391
40820,0,0,591.75714,89.239265,2465.0393,110.46819,1.006294E-4,0.0012631668,6.7912356E-4,0.17939883,60.359615
40840,0,0,591.75714,89.239265,2460.8198,110.279106,9.709915E-5,0.0012539343,6.7927764E-4,0.17943954,59.870354
40860,0,0,591.75714,89.239265,2456.6006,110.09003,1.3964329E-4,0.0013651962,6.7957E-4,0.17951676,59.955906
40870,0,0,591.75714,89.239265,2452.4045,109.901985,1.17771204E-4,0.0013079961,6.792684E-4,0.17943709,60.41882
40893,0,0,591.75714,89.239265,2448.2324,109.71502,1.2187222E-4,0.0013187211,6.7907333E-4,0.17938556,59.89912
40910,0,0,591.75714,89.239265,2444.0603,109.528046,1.2110328E-4,0.0013167101,6.792303E-4,0.17942704,60.003174
40919,0,0,591.75714,89.239265,2439.8882,109.34108,2.8568145E-4,0.001747116,6.793822E-4,0.17946714,60.481262
40943,0,0,591.75714,89.239265,2435.716,109.154106,2.5482307E-4,0.001666415,6.7975256E-4,0.17956498,59.960964
40960,0,0,591.75714,89.239265,2431.5437,108.967125,2.6337316E-4,0.0016887753,6.802198E-4,0.17968841,60.08885
40970,0,0,591.75714,89.239265,2427.3716,108.78016,2.3920424E-4,0.0016255686,6.806037E-4,0.17978983,60.489388
40993,0,0,591.75714,89.239265,2423.1992,108.59318,2.437359E-4,0.0016374198,6.806059E-4,0.1797904,59.95355
41010,0,0,591.75714,89.239265,2419.0269,108.4062,2.4288622E-4,0.0016351977,6.804217E-4,0.17974176,60.138763
41027,0,0,589.90955,89.1792,2414.876,108.22018,5.146717E-4,0.0023459727,6.8113994E-4,0.17993149,60.044243
41043,0,0,587.8571,89.112465,2410.7444,108.03503,4.637119E-4,0.0022127025,6.823042E-4,0.18023905,60.02161
41060,0,0,585.80475,89.04574,2406.6082,107.84966,5.088843E-4,0.0023308378,6.8347156E-4,0.1805474,60.06887
41069,0,0,585.80475,89.04574,2402.522,107.66655,5.54789E-4,0.002450888,6.8416994E-4,0.1807319,60.503517
41088,0,0,585.80475,89.04574,2398.4897,107.48585,5.461818E-4,0.0024283784,6.831624E-4,0.18046574,60.366837
41110,0,0,585.80475,89.04574,2394.5808,107.31067,3.7413486E-4,0.0019784402,6.808892E-4,0.17986524,59.93282
41123,0,0,585.80475,89.04574,2390.8928,107.14539,4.0639366E-4,0.0020628036,6.7955506E-4,0.17951281,60.472115
41136,0,0,585.80475,89.04574,2387.2566,106.982445,3.361616E-4,0.0018791321,6.778907E-4,0.17907315,60.502506
41160,0,0,585.80475,89.04574,2383.8433,106.82948,3.4933013E-4,0.0019135706,6.7554554E-4,0.17845365,60.024628
41174,0,0,585.80475,89.04574,2380.4897,106.67919,3.4946867E-4,0.0019139329,6.727858E-4,0.17772464,60.33443
41190,0,0,585.80475,89.04574,2377.2505,106.534035,3.494427E-4,0.0019138649,6.711885E-4,0.17730269,60.49066
41207,0,0,582.93335,88.952385,2374.1416,106.39471,4.6331185E-4,0.0022116562,6.7085354E-4,0.1772142,60.40829
41222,0,0,579.75476,88.849045,2371.027,106.255135,4.4196137E-4,0.0021558204,6.70553E-4,0.17713481,60.305397
41236,0,0,579.75476,88.849045,2367.9143,106.11564,2.2272591E-4,0.0015824743,6.6993845E-4,0.17697246,60.37247
41258,0,0,579.75476,88.849045,2364.8958,105.98036,2.6383257E-4,0.0016899768,6.691521E-4,0.17676476,59.8903
41270,0,0,579.75476,88.849045,2361.9895,105.85013,2.0728057E-4,0.0015420816,6.683716E-4,0.17655857,60.286892
41293,0,0,579.75476,88.849045,2359.2058,105.72537,2.1788407E-4,0.001569812,6.6736987E-4,0.17629394,59.874893
41310,0,0,579.75476,88.849045,2356.5215,105.60508,1.0078661E-4,0.0012635778,6.658937E-4,0.17590402,60.021454
41326,0,0,579.75476,88.849045,2353.8396,105.48489,8.7468994E-5,0.0012287495,6.6435797E-4,0.1754983,59.899235
41343,0,0,579.75476,88.849045,2351.1763,105.36554,8.9966044E-5,0.0012352798,6.6226034E-4,0.17494422,59.895832
41358,0,0,579.75476,88.849045,2348.621,105.25103,3.8336242E-5,0.0011002573,6.59605E-4,0.17424278,59.983852
41370,0,0,579.75476,88.849045,2346.1501,105.140305,4.9622595E-5,0.0011297734,6.5786386E-4,0.17378283,60.409504
41393,0,0,579.75476,88.849045,2343.708,105.03086,4.7506404E-5,0.0011242391,6.5701304E-4,0.17355807,59.946327
41409,0,0,579.75476,88.849045,2341.2656,104.92141,1.2139976E-4,0.0013174855,6.565011E-4,0.17342283,60.079643
41419,0,0,579.75476,88.849045,2338.8232,104.81196,1.1271695E-4,0.0012947782,6.565967E-4,0.17344809,60.495247
41443,0,0,579.75476,88.849045,2336.3809,104.7025,1.1434498E-4,0.0012990357,6.569201E-4,0.1735335,59.96445
41458,0,0,579.75476,88.849045,2333.9387,104.593056,1.10065026E-4,0.0012878429,6.571654E-4,0.17359832,60.08054
41470,0,0,579.75476,88.849045,2331.4963,104.48361,9.4506824E-5,0.0012471549,6.5736397E-4,0.17365077,60.36032
41491,0,0,579.75476,88.849045,2329.054,104.37415,5.3948897E-5,0.0011410876,6.575124E-4,0.17368999,59.980927
41510,0,0,579.75476,88.849045,2326.6118,104.26471,6.155351E-5,0.0011609752,6.576553E-4,0.17372772,60.047497
41520,0,0,579.75476,88.849045,2324.1694,104.15526,4.598415E-5,0.0011202581,6.576917E-4,0.17373733,60.40368
41543,0,0,579.75476,88.849045,2321.727,104.04581,4.8903403E-5,0.0011278925,6.5768126E-4,0.17373459,59.970367
41556,0,0,579.75476,88.849045,2319.285,103.93636,3.999694E-5,0.0011046003,6.576634E-4,0.17372987,60.523354
41576,0,0,579.75476,88.849045,2316.8425,103.82691,3.6877413E-5,0.0010964421,6.5755163E-4,0.17370033,60.067764
41591,0,0,579.75476,88.849045,2314.4001,103.71745,3.7462327E-5,0.0010979718,6.574008E-4,0.1736605,60.476933
41605,0,0,579.75476,88.849045,2311.958,103.60802,5.1612064E-5,0.0011349763,6.573026E-4,0.17363457,60.504192
41624,0,0,579.75476,88.849045,2309.5156,103.498566,4.8958987E-5,0.0011280379,6.571143E-4,0.17358482,60.285667
41637,0,0,579.75476,88.849045,2307.0732,103.38911,7.3104515E-5,0.0011911835,6.5699825E-4,0.17355415,60.39869
41660,0,0,579.75476,88.849045,2304.6309,103.279655,3.8986906E-5,0.0011019589,6.568803E-4,0.17352301,59.938705
41676,0,0,579.75476,88.849045,2302.1887,103.17022,4.5383957E-5,0.0011186885,6.5679144E-4,0.17349952,60.129448
41686,0,0,579.75476,88.849045,2299.7463,103.06076,5.9429633E-5,0.0011554208,6.565497E-4,0.17343567,60.502125
41710,0,0,579.75476,88.849045,2297.3042,102.95132,6.8447116E-5,0.0011790034,6.562072E-4,0.1733452,59.94113
41723,0,0,579.75476,88.849045,2294.8618,102.841866,6.675634E-5,0.0011745817,6.559112E-4,0.173267,60.40363
41737,0,0,579.75476,88.849045,2292.4194,102.732414,5.1251078E-5,0.0011340322,6.553391E-4,0.17311588,60.439754
41759,0,0,579.75476,88.849045,2289.9773,102.62297,7.814251E-5,0.0012043589,6.546941E-4,0.17294548,59.971554
41770,0,0,579.75476,88.849045,2287.5903,102.51601,7.310037E-5,0.0011911726,6.529089E-4,0.17247391,60.359097
41793,0,0,579.75476,88.849045,2285.3242,102.41445,7.404577E-5,0.0011936451,6.503483E-4,0.1717975,59.967766
41808,0,0,579.75476,88.849045,2283.0474,102.312416,7.3080315E-5,0.0011911201,6.4786983E-4,0.17114279,60.01117
41820,0,0,579.75476,88.849045,2280.7646,102.21011,7.326133E-5,0.0011915936,6.4537406E-4,0.1704835,60.495758
41844,0,0,579.75476,88.849045,2278.5168,102.10938,7.855002E-5,0.0012054245,6.4353005E-4,0.16999638,59.997185
41859,0,0,579.75476,88.849045,2276.269,102.00865,6.819609E-5,0.0011783469,6.420205E-4,0.1695976,60.048546
41870,0,0,579.75476,88.849045,2274.0212,101.90792,7.013745E-5,0.0011834239,6.404259E-4,0.16917637,60.31159
41889,0,0,579.75476,88.849045,2271.7734,101.80718,4.851955E-5,0.0011268887,6.390373E-4,0.16880956,60.49888
41906,0,0,579.75476,88.849045,2269.5254,101.70644,5.2572905E-5,0.0011374891,6.3775264E-4,0.1684702,60.45547
41919,0,0,565.2952,88.37894,2267.258,101.60483,8.636081E-4,0.0032585138,6.3882733E-4,0.16875409,60.387394
41943,0,0,2130.6167,139.27081,2267.0012,101.59332,0.048918888,0.1,7.944424E-4,0.16239993,59.895233
41954,0,0,2986.5334,167.09846,2270.3318,101.742584,0.039908525,0.081765205,0.0010359801,0.21177506,60.280422
41976,0,0,2693.938,157.58557,2273.674,101.892365,0.01476281,0.030876357,0.0011764986,0.24049985,59.903465
41993,0,0,2273.6594,143.92143,2275.444,101.97169,0.017111601,0.035629738,0.0012649342,0.25857788,59.967518
42010,0,0,1696.0095,125.14082,2276.7766,102.031395,0.016671203,0.03473848,0.0013576288,0.2775265,59.997612
42020,0,0,1537.719,119.99447,2276.8904,102.03649,0.002476193,0.006011216,0.0014039031,0.2869859,60.31976
42040,0,0,1208.2119,109.2815,2276.6382,102.02519,0.0051377574,0.011397579,0.0014245586,0.2912083,60.438644
42060,0,0,786.9119,95.58415,2275.185,101.960075,0.004638714,0.010387635,0.0014501414,0.29643795,59.97596
42075,0,0,750.74524,94.4083,2273.3657,101.87855,0.004059196,0.0092148315,0.0014729068,0.30109164,59.94506
42093,0,0,705.6524,92.94224,2271.466,101.79341,0.0047700773,0.010653483,0.001496578,0.3059305,59.9614
42109,0,0,658.92145,91.42292,2269.4773,101.704285,0.0046367873,0.010383736,0.0015210964,0.31094256,59.994164
42124,0,0,634.6762,90.63466,2267.4033,101.61134,9.2676317E-4,0.0028755446,0.0015332862,0.31343436,60.315754
42139,0,0,598.2,89.44874,2265.232,101.51404,0.0015018557,0.004039393,0.0015388045,0.31456244,60.430183
42152,0,0,589.23334,89.15721,2263.0151,101.41469,0.0013940259,0.0038211714,0.001544744,0.31577662,60.404976
42173,0,0,543.04285,87.655464,2260.7053,101.31118,0.0014927045,0.004020873,0.0015502457,0.31690124,60.15708
42187,0,0,533.9976,87.36138,2258.1772,101.19788,6.313675E-4,0.0022777352,0.001553314,0.3175285,60.312588
42209,0,0,528.46906,87.18164,2255.5566,101.08045,7.928682E-4,0.0026045735,0.0015546854,0.31780884,59.882812
42223,0,0,516.3738,86.78839,2252.9492,100.9636,7.6258683E-4,0.0025432915,0.0015562654,0.3181318,60.365185
42243,0,0,502.94763,86.35188,2250.319,100.84573,8.3783997E-4,0.0026955856,0.0015571765,0.31831804,59.926956
42259,0,0,484.69763,85.75854,2247.5247,100.720505,8.2373E-4,0.0026670303,0.0015583548,0.31855893,59.987553
42276,0,0,477.2143,85.515236,2244.6667,100.59243,2.830902E-4,0.0015729062,0.0015582351,0.31853443,59.92274
42290,0,0,477.2143,85.515236,2241.667,100.458,1.807831E-4,0.0013658614,0.0015562878,0.31813636,59.96033
42308,0,0,477.2143,85.515236,2238.6526,100.32291,1.999657E-4,0.0014046823,0.0015540903,0.31768715,60.055042
42319,0,0,477.2143,85.515236,2235.5427,100.18355,1.7878985E-4,0.0013618275,0.0015520965,0.31727958,60.34156
42339,0,0,477.2143,85.515236,2232.3394,100.03999,1.8276033E-4,0.0013698628,0.001550182,0.31688824,60.354343
42354,0,0,477.2143,85.515236,2229.1543,99.897255,1.8201585E-4,0.0013683562,0.0015482851,0.31650048,60.178413
42374,0,0,469.4238,85.261955,2225.9277,99.752655,3.2488894E-4,0.0016574967,0.0015468628,0.31620973,59.872845
42392,0,0,460.3,84.96532,2222.7048,99.60823,2.8362637E-4,0.0015739913,0.0015449836,0.31582558,59.91515
42409,0,0,460.3,84.96532,2219.4395,99.46189,1.02638E-4,0.0012077146,0.0015420602,0.31522796,59.96271
42420,0,0,460.7881,84.981186,2216.1042,99.31243,3.2241805E-4,0.0016524962,0.001538382,0.31447607,60.35114
42442,0,0,460.7881,84.981186,2212.6611,99.15813,5.431746E-5,0.0011099254,0.0015337487,0.31352893,59.90321
42460,0,0,460.7881,84.981186,2209.1257,98.99969,1.04586325E-4,0.0012116574,0.0015304069,0.31284583,60.081512
42476,0,0,460.7881,84.981186,2205.493,98.83689,5.2546715E-5,0.0011063418,0.0015279268,0.31233883,59.9732
42493,0,0,460.7881,84.981186,2201.7473,98.66904,9.0229514E-5,0.0011826027,0.0015252724,0.31179622,59.95025
42509,0,0,460.7881,84.981186,2197.8066,98.49244,8.3163985E-5,0.0011683039,0.0015212453,0.310973,60.067898
42526,0,0,460.7881,84.981186,2193.465,98.297874,6.65503E-5,0.0011346817,0.001514358,0.3095651,59.97161
42540,0,0,460.7881,84.981186,2188.4856,98.07473,4.5667417E-5,0.0010924198,0.0015064206,0.3079425,60.3769
42556,0,0,460.7881,84.981186,2182.3293,97.79884,2.290672E-5,0.0010463577,0.0014981704,0.30625603,60.45965
42572,0,0,460.7881,84.981186,2174.7156,97.45764,7.6616954E-5,0.0011550542,0.0014891849,0.30441922,60.3789
42588,0,0,460.7881,84.981186,2165.6113,97.049644,6.654629E-5,0.0011346736,0.0014799964,0.3025409,60.11354
42607,0,0,460.7881,84.981186,2155.4075,96.59237,6.8434536E-5,0.001138495,0.0014719573,0.30089754,60.291424
42620,0,0,460.7881,84.981186,2145.1606,96.13316,1.1274301E-4,0.0012281646,0.0014655053,0.29957864,60.330833
42639,0,0,460.7881,84.981186,2134.9202,95.67425,1.04435174E-4,0.0012113516,0.0014594828,0.2983475,60.31994
42660,0,0,460.7881,84.981186,2124.5881,95.21123,3.9187824E-5,0.0010793067,0.0014531678,0.2970566,59.908688
42676,0,0,460.7881,84.981186,2114.2754,94.74907,5.1297655E-5,0.0011038141,0.0014474721,0.2958923,59.828716
42692,0,0,460.7881,84.981186,2104.0276,94.289825,4.902706E-5,0.001099219,0.001442203,0.29481515,59.94725
42710,0,0,460.7881,84.981186,2093.8223,93.83248,7.974601E-5,0.0011613867,0.001438383,0.29403427,59.971424
42726,0,0,460.7881,84.981186,2083.6409,93.37622,7.398621E-5,0.0011497303,0.0014354195,0.29342848,59.858784
42743,0,0,460.7881,84.981186,2073.554,92.92418,7.506617E-5,0.0011519159,0.0014322815,0.292787,59.98925
42752,0,0,460.7881,84.981186,2063.5327,92.47509,6.240302E-5,0.0011262887,0.0014291367,0.29214415,60.32933
42776,0,0,460.7881,84.981186,2053.5776,92.02896,4.1774067E-5,0.0010845406,0.0014263312,0.29157066,59.81846
42791,0,0,460.7881,84.981186,2043.6482,91.583984,4.5641995E-5,0.0010923684,0.001423738,0.29104054,60.035995
42808,0,0,460.7881,84.981186,2033.7628,91.14098,2.0967549E-5,0.0010424333,0.0014209364,0.29046786,59.981667
42823,0,0,460.7881,84.981186,2023.9255,90.700134,9.151669E-5,0.0011852077,0.0014185141,0.28997266,60.449097
42839,0,0,460.7881,84.981186,2014.1378,90.26151,7.828872E-5,0.0011584375,0.0014163705,0.28953448,60.445606
42860,0,0,460.7881,84.981186,2004.3995,89.825096,4.6252324E-5,0.0010936036,0.001414197,0.2890902,59.99484
42876,0,0,460.7881,84.981186,1994.7103,89.390884,5.225915E-5,0.00110576,0.0014119023,0.2886211,59.91246
42893,0,0,460.7881,84.981186,1985.0707,88.95889,5.113287E-5,0.0011034806,0.0014095226,0.28813463,60.032192
42910,0,0,460.7881,84.981186,1975.4819,88.52918,4.302777E-5,0.0010870779,0.0014075453,0.28773043,59.89406
42921,0,0,460.7881,84.981186,1965.9036,88.099945,3.8921244E-5,0.0010787672,0.0014060299,0.28742066,59.852722
42943,0,0,460.7881,84.981186,1956.3253,87.67071,3.9691215E-5,0.0010803255,0.0014046135,0.2871311,60.050907
42952,0,0,460.7881,84.981186,1946.7705,87.242516,3.4807323E-5,0.0010704417,0.0014030336,0.28680816,60.43807
42977,0,0,460.7881,84.981186,1937.3038,86.818275,3.5723053E-5,0.0010722949,0.001401141,0.28642127,60.31971
42988,0,0,460.7881,84.981186,1927.9333,86.39835,3.5551355E-5,0.0010719474,0.0013991314,0.28601047,60.326405
43006,0,0,460.7881,84.981186,1918.613,85.98067,8.84343E-5,0.0011789696,0.0013975406,0.28568527,60.35357
43020,0,0,460.7881,84.981186,1909.2928,85.562996,9.462521E-5,0.0011914986,0.0013962202,0.28541535,60.198925
43043,0,0,460.7881,84.981186,1899.9727,85.14532,9.346441E-5,0.0011891495,0.0013948873,0.2851429,59.875698
43059,0,0,460.7881,84.981186,1890.6523,84.72764,8.8835746E-5,0.0011797821,0.0013938182,0.28492433,59.97789
43070,0,0,460.7881,84.981186,1881.3322,84.30996,8.970362E-5,0.0011815384,0.0013928952,0.28473568,60.221115
43093,0,0,460.7881,84.981186,1872.0365,83.89339,1.0594561E-4,0.0012144083,0.0013914139,0.28443283,59.885395
43106,0,0,460.7881,84.981186,1862.8159,83.48018,7.7968405E-5,0.0011577893,0.0013894829,0.28403813,60.41272
43119,0,0,460.7881,84.981186,1853.6448,83.06918,8.321412E-5,0.0011684053,0.0013875196,0.28363678,60.376564
43142,0,0,460.7881,84.981186,1844.5161,82.66009,1.08028325E-4,0.0012186232,0.0013859676,0.28331953,59.910225
43152,0,0,460.7881,84.981186,1835.3875,82.25099,7.885416E-5,0.0011595818,0.0013845646,0.28303272,60.44856
43176,0,0,460.7881,84.981186,1826.2808,81.84289,8.432431E-5,0.0011706521,0.0013831337,0.28274024,59.93407
43192,0,0,460.7881,84.981186,1817.2195,81.43682,8.3298655E-5,0.0011685764,0.0013817521,0.2824578,60.130047
43209,0,0,460.7881,84.981186,1808.2065,81.03291,5.0337367E-5,0.0011018707,0.001380097,0.28211945,60.04262
43226,0,0,460.7881,84.981186,1799.2195,80.630165,5.651761E-5,0.001114378,0.0013786978,0.28183344,59.969643
43242,0,0,460.7881,84.981186,1790.2324,80.22742,4.9402177E-5,0.0010999781,0.0013775339,0.2815955,60.08267
43259,0,0,460.7881,84.981186,1781.2455,79.82468,3.3452838E-5,0.0010677006,0.0013762568,0.28133446,60.045135
43275,0,0,460.7881,84.981186,1772.2845,79.4231,3.644334E-5,0.0010737525,0.0013750396,0.2810856,59.953896
43290,0,0,460.7881,84.981186,1763.3766,79.0239,5.0886374E-5,0.0011029817,0.0013739188,0.28085652,60.10223
43308,0,0,460.7881,84.981186,1754.523,78.62714,5.7891662E-5,0.0011171588,0.0013729355,0.2806555,60.0738
43325,0,0,460.7881,84.981186,1745.6815,78.23092,5.657817E-5,0.0011145006,0.001372369,0.2805397,59.953796
43341,0,0,460.7881,84.981186,1736.8401,77.834694,4.8027567E-5,0.0010971962,0.0013719613,0.28045636,60.082256
43356,0,0,460.7881,84.981186,1727.9985,77.43848,3.495668E-5,0.0010707439,0.0013715411,0.28037044,60.48283
43370,0,0,460.7881,84.981186,1719.157,77.04225,3.7407473E-5,0.0010757038,0.0013711725,0.2802951,60.43083
43393,0,0,460.7881,84.981186,1710.3154,76.64602,5.1568328E-5,0.0011043618,0.0013708558,0.28023037,59.94387
43406,0,0,460.7881,84.981186,1701.474,76.2498,4.8913167E-5,0.0010989885,0.0013705643,0.2801708,60.33049
43422,0,0,460.7881,84.981186,1692.6324,75.853584,4.7529E-5,0.0010961873,0.0013702916,0.28011504,60.445305
43440,0,0,460.7881,84.981186,1683.791,75.45736,1.05750216E-4,0.001214013,0.0013702168,0.28009975,60.358208
43455,0,0,460.7881,84.981186,1674.9496,75.06114,9.483374E-5,0.0011919206,0.0013701253,0.28008106,60.37195
43468,0,0,460.7881,84.981186,1666.108,74.66492,5.6264904E-5,0.0011138666,0.0013697977,0.28001407,60.334564
43491,0,0,460.7881,84.981186,1657.2665,74.268684,3.6669062E-5,0.0010742093,0.0013693161,0.27991563,59.8456
43505,0,0,460.7881,84.981186,1648.425,73.87247,4.0343282E-5,0.0010816451,0.0013687994,0.27981,60.34897
43521,0,0,460.7881,84.981186,1639.6123,73.47754,8.2079925E-5,0.0011661099,0.0013657152,0.2791795,60.370968
43537,0,0,460.7881,84.981186,1630.8981,73.08702,5.0885723E-5,0.0011029805,0.0013611071,0.27823752,60.260777
43553,0,0,460.7881,84.981186,1622.4225,72.70719,5.6734636E-5,0.0011148172,0.0013567684,0.2773506,60.22881
43575,0,0,460.7881,84.981186,1614.2384,72.34043,5.5637964E-5,0.0011125979,0.0013524087,0.2764594,59.794174
43594,0,0,460.7881,84.981186,1606.4907,71.993225,4.6322075E-5,0.0010937448,0.0013473254,0.27542028,59.865562
43609,0,0,460.7881,84.981186,1598.9879,71.657,4.8068803E-5,0.0010972797,0.0013435321,0.27464485,59.97087
43620,0,0,460.7881,84.981186,1591.6862,71.32977,5.3215466E-5,0.0011076953,0.0013407897,0.27408427,60.279736
43643,0,0,460.7881,84.981186,1584.524,71.00881,5.902853E-5,0.0011194595,0.001338807,0.27367896,59.876205
43659,0,0,460.7881,84.981186,1577.394,70.689285,5.793858E-5,0.0011172537,0.0013377907,0.2734712,59.994633
