elapsedTime,eventRecognized,frq_rt, col_rt, frq_m, col_m, amp_rt, amp_m, total, framerate;
27118,0,0.6852823,0.0033062,3293.3552,158.86082,0.006852823,0.006852823,13,59.89165
27134,0,0.68545437,0.003314502,3294.1667,158.89998,0.0068545435,0.0068545435,13,60.119473
27152,0,0.6859898,0.0033403342,3296.7393,159.02408,0.0068598976,0.0068598976,13,59.82337
27168,0,0.6868686,0.003382733,3300.962,159.22781,0.006868686,0.006868686,13,60.127525
27185,0,0.68805635,0.0034400364,3306.6687,159.50314,0.006880563,0.006880563,13,60.090893
27202,0,0.68945026,0.0035072872,3313.3662,159.82626,0.0068945023,0.0068945023,13,59.838524
27218,0,0.6911845,0.0035909577,3321.699,160.22829,0.006911845,0.006911845,13,60.093334
27235,0,0.6930095,0.003679005,3330.4678,160.65135,0.0069300947,0.0069300947,13,59.979767
27251,0,0.6949226,0.0037713058,3339.66,161.09483,0.006949226,0.006949226,13,60.119247
27268,0,0.6968768,0.0038655875,3349.0496,161.54785,0.0069687683,0.0069687683,13,59.90069
27285,0,0.6987302,0.003955004,3357.9543,161.97746,0.0069873016,0.0069873016,13,60.06949
27301,0,0.7007235,0.004051175,3367.5322,162.43954,0.007007235,0.007007235,13,60.099274
27320,0,0.70249826,0.004136798,3376.0593,162.85095,0.0070249825,0.0070249825,13,59.77037
27335,0,0.70399797,0.004209153,3383.2654,163.19861,0.0070399796,0.0070399796,13,59.79029
27352,0,0.7045406,0.004235333,3385.8726,163.3244,0.007045406,0.007045406,13,59.915054
27368,0,0.70402503,0.0042104586,3383.3953,163.20488,0.00704025,0.00704025,13,59.977394
27385,0,0.70275414,0.0041491436,3377.2888,162.91026,0.0070275413,0.0070275413,13,60.147415
27403,0,0.700599,0.004045168,3366.9338,162.41069,0.00700599,0.00700599,13,60.02568
27419,0,0.6978625,0.0039131423,3353.7854,161.77632,0.006978625,0.006978625,13,59.663963
27434,0,0.6949521,0.0037727263,3339.8015,161.10165,0.0069495207,0.0069495207,13,60.099243
27451,0,0.69222504,0.0036411583,3326.6985,160.4695,0.00692225,0.00692225,13,60.183002
27469,0,0.6896878,0.0035187467,3314.5076,159.88133,0.0068968777,0.0068968777,13,59.77615
27485,0,0.6877026,0.0034229695,3304.969,159.42114,0.0068770256,0.0068770256,13,60.20687
27501,0,0.6863858,0.00335944,3298.642,159.11589,0.006863858,0.006863858,13,60.179073
27519,0,0.68615496,0.0033483028,3297.533,159.06238,0.0068615493,0.0068615493,13,59.895077
27535,0,0.6871056,0.0033941667,3302.1006,159.28276,0.006871056,0.006871056,13,59.951813
27552,0,0.68840766,0.0034569858,3308.3567,159.58458,0.0068840766,0.0068840766,13,59.96897
27568,0,0.69004184,0.0035358283,3316.2087,159.96341,0.006900418,0.006900418,13,60.20325
27585,0,0.69151115,0.0036067164,3323.2683,160.304,0.0069151116,0.0069151116,13,60.09356
27601,0,0.6932548,0.0036908414,3331.6465,160.7082,0.0069325482,0.0069325482,13,60.051838
27618,0,0.6946418,0.0037577583,3338.3108,161.02974,0.006946418,0.006946418,13,60.121468
27635,0,0.6959553,0.003821127,3344.6216,161.3342,0.0069595524,0.0069595524,13,60.059925
27652,0,0.6970009,0.0038715748,3349.6458,161.5766,0.006970009,0.006970009,13,60.066277
27669,0,0.6970972,0.0038762188,3350.1082,161.5989,0.006970972,0.006970972,13,60.0136
27685,0,0.69701546,0.0038722763,3349.7156,161.57997,0.0069701546,0.0069701546,13,60.037987
27701,0,0.6959696,0.0038218168,3344.6904,161.33754,0.006959696,0.006959696,13,60.300602
27719,0,0.6941879,0.0037358573,3336.1296,160.92451,0.0069418787,0.0069418787,13,59.71563
27735,0,0.6918262,0.0036219172,3324.7822,160.37703,0.006918262,0.006918262,13,59.950417
27751,0,0.6882516,0.0034494575,3307.607,159.5484,0.006882516,0.006882516,13,60.253376
27768,0,0.6851657,0.0033056391,3292.7798,158.83305,0.006851657,0.006851657,13,60.050957
27785,0,0.681999,0.0032903587,3277.5642,158.09903,0.00681999,0.00681999,13,60.183746
27802,0,0.6789956,0.0032758669,3263.132,157.4028,0.006789956,0.006789956,13,60.0555
27818,0,0.676476,0.0032637098,3251.025,156.81871,0.00676476,0.00676476,13,60.148685
27835,0,0.6737781,0.0032506902,3238.0615,156.19333,0.006737781,0.006737781,13,60.00905
27851,0,0.6718914,0.0032415874,3228.995,155.75594,0.0067189136,0.0067189136,13,60.247684
27868,0,0.6701381,0.0032331264,3220.5703,155.34952,0.006701381,0.006701381,13,60.122227
27885,0,0.6688635,0.0032269775,3214.4456,155.05405,0.0066886344,0.0066886344,13,60.105064
27901,0,0.66815245,0.0032235468,3211.0286,154.8892,0.006681524,0.006681524,13,60.032356
27918,0,0.667563,0.003220702,3208.1963,154.75255,0.00667563,0.00667563,13,60.01821
27935,0,0.6677459,0.0032295245,3209.0747,154.79494,0.0066774585,0.0066774585,13,59.804184
27951,0,0.66814977,0.00324901,3211.0151,154.88855,0.0066814977,0.0066814977,13,60.21016
27969,0,0.66875345,0.0032781346,3213.9158,155.02849,0.0066875345,0.0066875345,13,59.98149
27986,0,0.6687865,0.0032797307,3214.0747,155.03616,0.006687865,0.006687865,13,59.940372
28001,0,0.66815466,0.003249246,3211.0388,154.8897,0.0066815466,0.0066815466,13,60.13731
28019,0,0.66725785,0.0032192296,3206.7297,154.68181,0.0066725784,0.0066725784,13,59.951748
28035,0,0.66590667,0.0032127097,3200.2373,154.3686,0.0066590663,0.0066590663,12,60.14234
28052,0,0.6644023,0.003205451,3193.0088,154.01988,0.006644023,0.006644023,12,60.05461
28068,0,0.6629197,0.0031982982,3185.8843,153.6762,0.006629197,0.006629197,12,60.051273
28085,0,0.6614744,0.003191324,3178.9395,153.34116,0.0066147437,0.0066147437,12,60.017685
28102,0,0.66029966,0.0031856555,3173.2944,153.06883,0.0066029965,0.0066029965,12,59.981537
28119,0,0.65928954,0.0031807835,3168.4412,152.8347,0.0065928954,0.0065928954,12,59.814507
28136,0,0.6586091,0.003177499,3165.1711,152.67694,0.0065860907,0.0065860907,12,59.795986
28152,0,0.65856403,0.0031772805,3164.9543,152.66647,0.0065856404,0.0065856404,12,60.000713
28168,0,0.65895563,0.0031961736,3166.8357,152.75725,0.006589556,0.006589556,12,60.11021
28186,0,0.6596302,0.0032287175,3170.0767,152.91362,0.0065963017,0.0065963017,12,59.921467
28203,0,0.66026556,0.003259372,3173.1296,153.06091,0.0066026556,0.0066026556,12,60.01838
28219,0,0.660874,0.0032887268,3176.0532,153.20195,0.00660874,0.00660874,12,59.714798
28235,0,0.6618145,0.003334102,3180.5723,153.41997,0.006618145,0.006618145,12,60.014034
28252,0,0.6626014,0.0033720662,3184.353,153.60239,0.006626014,0.006626014,12,60.12657
28268,0,0.6631488,0.0033984762,3186.9834,153.7293,0.006631488,0.006631488,12,60.143505
28285,0,0.66305876,0.0033941313,3186.5505,153.7084,0.0066305874,0.0066305874,12,60.061768
28302,0,0.6621672,0.003351117,3182.2666,153.50171,0.006621672,0.006621672,12,59.909004
28318,0,0.66112936,0.003301046,3177.28,153.26114,0.006611293,0.006611293,12,60.038967
28336,0,0.6592409,0.0032099364,3168.2063,152.82338,0.0065924088,0.0065924088,12,60.016724
28352,0,0.65664196,0.0031680083,3155.7188,152.22093,0.0065664193,0.0065664193,12,60.048622
28368,0,0.6530438,0.003150646,3138.43,151.3869,0.006530438,0.006530438,12,60.057056
28386,0,0.6481179,0.003126879,3114.7605,150.24504,0.006481179,0.006481179,12,59.80207
28402,0,0.643022,0.0031022893,3090.2737,149.06375,0.00643022,0.00643022,12,60.097183
28418,0,0.63707244,0.0030735815,3061.685,147.68457,0.006370724,0.006370724,12,60.084694
28436,0,0.6306874,0.0030427743,3031.0034,146.20445,0.006306874,0.006306874,12,60.053017
28452,0,0.6238894,0.003009974,2998.3374,144.6286,0.0062388936,0.0062388936,12,60.148415
28468,0,0.6163464,0.0029735789,2962.0918,142.88007,0.006163464,0.006163464,12,60.106323
28486,0,0.6094442,0.0029402755,2928.925,141.28004,0.0060944417,0.0060944417,12,59.679573
28502,0,0.6027106,0.002907786,2896.5679,139.71912,0.0060271057,0.0060271057,12,60.086784
28518,0,0.5965681,0.002878147,2867.0513,138.29523,0.005965681,0.005965681,12,60.16255
28535,0,0.5910756,0.002851648,2840.6577,137.02196,0.005910756,0.005910756,12,60.147057
28552,0,0.58595186,0.002826924,2816.0364,135.8342,0.0058595184,0.0058595184,12,60.04206
28568,0,0.5822883,0.0028092484,2798.4314,134.98491,0.005822883,0.005822883,12,60.02898
28586,0,0.57958883,0.0027962234,2785.4587,134.3591,0.005795888,0.005795888,12,59.81729
28603,0,0.57806736,0.0027888813,2778.1472,134.0064,0.0057806736,0.0057806736,12,59.91707
28619,0,0.57746774,0.0027859882,2775.2654,133.86739,0.0057746773,0.0057746773,12,59.894207
28638,0,0.5776208,0.0027933726,2776.0005,133.90283,0.005776208,0.005776208,12,59.73488
28652,0,0.5789446,0.0028572401,2782.3613,134.20973,0.005789446,0.005789446,12,60.114235
28668,0,0.58084095,0.0029487282,2791.4731,134.64932,0.0058084093,0.0058084093,12,60.18376
28685,0,0.5831619,0.003060702,2802.625,135.18733,0.005831619,0.005831619,12,60.01195
28702,0,0.5854687,0.0031719941,2813.709,135.72209,0.005854687,0.005854687,12,60.035404
28719,0,0.58771354,0.003280296,2824.4954,136.24246,0.0058771353,0.0058771353,12,60.02123
28735,0,0.58985436,0.0033835794,2834.7817,136.73874,0.0058985436,0.0058985436,12,60.045403
28753,0,0.5915044,0.0034631856,2842.7102,137.12125,0.005915044,0.005915044,12,59.959553
28769,0,0.5925481,0.0035135373,2847.7249,137.36317,0.0059254807,0.0059254807,12,60.105755
28786,0,0.59287953,0.0035295289,2849.3176,137.44002,0.0059287953,0.0059287953,12,60.006733
28803,0,0.5929308,0.0035320017,2849.5637,137.45189,0.005929308,0.005929308,12,59.99935
28819,0,0.59303075,0.0035368244,2850.0442,137.47507,0.0059303073,0.0059303073,12,60.233967
28835,0,0.5931985,0.0035449164,2850.85,137.51395,0.0059319846,0.0059319846,12,60.16104
28852,0,0.5933088,0.003550239,2851.3801,137.53952,0.005933088,0.005933088,12,60.11123
28869,0,0.59348243,0.0035586157,2852.2144,137.57976,0.0059348242,0.0059348242,12,59.74276
28886,0,0.5934216,0.00355568,2851.922,137.56567,0.0059342156,0.0059342156,12,59.712414
28903,0,0.59312725,0.00354148,2850.5078,137.49745,0.005931272,0.005931272,12,59.67924
28920,0,0.5927151,0.0035215952,2848.5273,137.40189,0.0059271506,0.0059271506,12,59.53295
28937,0,0.59182316,0.0034785643,2844.2417,137.19513,0.0059182313,0.0059182313,12,59.589268
28953,0,0.59090155,0.0034341014,2839.8135,136.98149,0.0059090154,0.0059090154,12,59.895866
28969,0,0.5893214,0.0033578656,2832.221,136.61519,0.0058932137,0.0058932137,12,60.314148
28986,0,0.5872422,0.0032575554,2822.2305,136.1332,0.005872422,0.005872422,12,60.041702
29004,0,0.5850042,0.0031495846,2811.4773,135.61443,0.0058500418,0.0058500418,12,60.08612
29020,0,0.58163303,0.0029869422,2795.279,134.83293,0.00581633,0.00581633,12,59.806458
29036,0,0.5780854,0.0028157881,2778.233,134.01054,0.0057808543,0.0057808543,12,60.10232
29053,0,0.5734325,0.0027665184,2755.876,132.93202,0.005734325,0.005734325,12,60.042294
29068,0,0.56811744,0.0027408737,2730.3362,131.69998,0.0056811743,0.0056811743,12,60.288208
29086,0,0.5630572,0.0027164577,2706.0193,130.52692,0.005630572,0.005630572,12,60.001625
29103,0,0.5574439,0.0026893753,2679.046,129.2257,0.005574439,0.005574439,12,59.903008
29119,0,0.55289155,0.002667411,2657.1694,128.1704,0.005528915,0.005528915,12,60.061565
29136,0,0.5482211,0.0026448753,2634.7266,127.08773,0.005482211,0.005482211,12,60.041794
29153,0,0.5439181,0.0026241147,2614.0483,126.090225,0.0054391804,0.0054391804,12,60.059387
29169,0,0.54124415,0.002611212,2601.1982,125.47033,0.005412441,0.005412441,12,60.182953
29186,0,0.53878427,0.0025993432,2589.3774,124.900085,0.0053878427,0.0053878427,12,59.84142
29203,0,0.53828007,0.0025969117,2586.9539,124.78317,0.0053828005,0.0053828005,12,60.049263
29219,0,0.5378293,0.0025947362,2584.7876,124.678665,0.005378293,0.005378293,12,60.061047
29236,0,0.53691447,0.0025903217,2580.3916,124.46662,0.0053691445,0.0053691445,12,59.955433
29252,0,0.5369759,0.0025932863,2580.6863,124.48084,0.005369759,0.005369759,12,60.17542
29269,0,0.5359885,0.002585854,2575.9417,124.25195,0.005359885,0.005359885,12,60.124302
29286,0,0.5360212,0.00258743,2576.0981,124.2595,0.0053602117,0.0053602117,12,60.013416
29303,0,0.5354582,0.002583296,2573.3933,124.12902,0.005354582,0.005354582,12,60.050735
29319,0,0.5344271,0.0025783207,2568.4385,123.89,0.0053442707,0.0053442707,12,59.998142
29336,0,0.53461957,0.002587606,2569.363,123.9346,0.005346196,0.005346196,12,60.0297
29353,0,0.53364104,0.002574529,2564.6611,123.70778,0.0053364104,0.0053364104,12,60.053436
29369,0,0.5338426,0.0025842541,2565.6294,123.75449,0.005338426,0.005338426,12,60.014923
29387,0,0.5333585,0.0025731656,2563.3035,123.64229,0.005333585,0.005333585,12,59.75592
29403,0,0.53243095,0.0025686894,2558.8464,123.42727,0.005324309,0.005324309,12,59.95888
29419,0,0.5328306,0.0025879703,2560.7664,123.5199,0.005328306,0.005328306,12,59.996155
29437,0,0.5319618,0.0025664263,2556.5918,123.31852,0.0053196177,0.0053196177,12,59.76115
29453,0,0.5323083,0.0025831421,2558.2563,123.39883,0.0053230827,0.0053230827,12,60.077053
29470,0,0.53174657,0.0025653879,2555.5574,123.268616,0.0053174654,0.0053174654,12,59.89175
29486,0,0.5307028,0.0025603522,2550.542,123.02667,0.005307028,0.005307028,12,60.115623
29503,0,0.5308185,0.0025659339,2551.0974,123.053474,0.0053081852,0.0053081852,12,59.99039
29519,0,0.529289,0.002553531,2543.748,122.698944,0.00529289,0.00529289,12,60.11774
29536,0,0.5286257,0.00255033,2540.5605,122.54516,0.0052862572,0.0052862572,12,60.01607
29553,0,0.52644855,0.0025398259,2530.0986,122.04048,0.0052644853,0.0052644853,12,60.115166
29569,0,0.5235434,0.002525809,2516.1387,121.36706,0.005235434,0.005235434,12,60.080173
29587,0,0.5213739,0.002515341,2505.713,120.86413,0.0052137394,0.0052137394,12,59.862354
29603,0,0.51724285,0.0024954083,2485.8623,119.90653,0.005172428,0.005172428,12,59.866295
29619,0,0.51374626,0.0024785388,2469.0593,119.09597,0.0051374626,0.0051374626,12,60.194942
29636,0,0.5086094,0.002453753,2444.375,117.905205,0.005086094,0.005086094,12,59.848804
29653,0,0.50352824,0.002429238,2419.9573,116.72731,0.005035282,0.005035282,12,60.015923
29669,0,0.4996773,0.0024106575,2401.4512,115.83459,0.004996773,0.004996773,12,60.091373
29687,0,0.49458343,0.0023860808,2376.9734,114.6538,0.004945834,0.004945834,12,59.844215
29703,0,0.49062946,0.002367004,2357.972,113.737175,0.0049062944,0.0049062944,12,60.162743
29720,0,0.485155,0.0023405894,2331.665,112.46816,0.00485155,0.00485155,12,60.02274
29737,0,0.47959077,0.002313744,2304.9258,111.178276,0.0047959075,0.0047959075,12,59.84351
29753,0,0.47478712,0.0022905678,2281.8413,110.06471,0.004747871,0.004747871,12,60.114323
29770,0,0.46855304,0.0022604885,2251.884,108.61961,0.0046855304,0.0046855304,12,60.11373
29787,0,0.4631095,0.0022342252,2225.724,107.35769,0.0046310946,0.0046310946,12,59.686005
29803,0,0.45583603,0.0021991318,2190.7722,105.67165,0.00455836,0.00455836,12,60.174484
29820,0,0.44834095,0.0021629704,2154.754,103.93417,0.004483409,0.004483409,12,59.96412
29836,0,0.44153267,0.0021301217,2122.0356,102.355896,0.0044153268,0.0044153268,11,60.183235
29853,0,0.43443805,0.002095893,2087.942,100.71127,0.0043443805,0.0043443805,11,60.04314
29869,0,0.42928305,0.0020710207,2063.1675,99.51619,0.0042928304,0.0042928304,11,60.10807
29886,0,0.42362088,0.0020437024,2035.9576,98.20365,0.0042362087,0.0042362087,11,60.115345
29903,0,0.4188966,0.0020209092,2013.2535,97.108444,0.0041889655,0.0041889655,11,60.17083
29920,0,0.41571054,0.0020055368,1997.9418,96.369835,0.0041571055,0.0041571055,11,60.010784
29936,0,0.4121105,0.0019881688,1980.6416,95.53532,0.004121105,0.004121105,11,60.044514
29953,0,0.409814,0.0019770884,1969.6044,95.0029,0.0040981397,0.0040981397,11,59.99428
29970,0,0.40667528,0.0019619449,1954.5212,94.27533,0.0040667527,0.0040667527,11,59.921227
29986,0,0.40371826,0.0019476782,1940.3105,93.58982,0.0040371823,0.0040371823,11,59.996124
30003,0,0.40162513,0.0019375802,1930.2511,93.10458,0.0040162513,0.0040162513,11,60.231792
30020,0,0.39848483,0.0019224293,1915.1603,92.37663,0.003984848,0.003984848,11,59.950478
30036,0,0.39606714,0.001910764,1903.5413,91.81616,0.0039606714,0.0039606714,11,59.94073
30053,0,0.3929454,0.0018957023,1888.5397,91.09252,0.003929454,0.003929454,11,59.983665
30069,0,0.39036053,0.0018832319,1876.1171,90.49329,0.0039036053,0.0039036053,11,60.04039
30087,0,0.38925895,0.0018779174,1870.8224,90.23788,0.0038925894,0.0038925894,11,59.86683
30103,0,0.38778323,0.0018707972,1863.7307,89.8958,0.0038778323,0.0038778323,11,59.839054
30120,0,0.38760003,0.0018699128,1862.8495,89.85329,0.0038760002,0.0038760002,11,59.938335
30137,0,0.38733125,0.0018686161,1861.5577,89.79098,0.0038733124,0.0038733124,11,59.842102
30154,0,0.38734728,0.0018693896,1861.6346,89.79469,0.0038734728,0.0038734728,11,59.809433
30170,0,0.38867703,0.0019335411,1868.0243,90.10294,0.0038867702,0.0038867702,11,60.038334
30187,0,0.38949752,0.0019731242,1871.9668,90.29315,0.0038949752,0.0038949752,11,60.01656
30204,0,0.3912537,0.002057849,1880.4055,90.70026,0.003912537,0.003912537,11,60.018795
30220,0,0.3929594,0.0021401364,1888.6016,91.095665,0.0039295936,0.0039295936,11,59.978508
30236,0,0.39463103,0.002220782,1896.6339,91.48317,0.0039463104,0.0039463104,11,60.133373
30253,0,0.3972078,0.002345094,1909.0156,92.080505,0.0039720777,0.0039720777,11,60.25721
30269,0,0.3989564,0.002429452,1917.4177,92.485855,0.003989564,0.003989564,11,60.1963
30287,0,0.40100965,0.002528508,1927.2839,92.96183,0.004010096,0.004010096,11,59.96181
30304,0,0.40271926,0.0026109854,1935.4988,93.35814,0.0040271925,0.0040271925,11,59.931652
30321,0,0.40399775,0.002672664,1941.6421,93.65452,0.004039977,0.004039977,11,60.030487
30337,0,0.40559918,0.0027499222,1949.3372,94.02575,0.004055992,0.004055992,11,59.847282
30354,0,0.4064888,0.002792841,1953.6119,94.23198,0.0040648878,0.0040648878,11,59.992767
30370,0,0.40746373,0.0028398745,1958.2965,94.457985,0.0040746373,0.0040746373,11,60.14021
30387,0,0.40816155,0.00287354,1961.6497,94.61975,0.0040816152,0.0040816152,11,59.842155
30404,0,0.40857583,0.002893526,1963.6403,94.71578,0.0040857582,0.0040857582,11,59.909294
30420,0,0.4090407,0.0029159526,1965.874,94.82355,0.004090407,0.004090407,11,60.03979
30437,0,0.40919137,0.0029232218,1966.598,94.858475,0.004091914,0.004091914,11,59.960064
30453,0,0.4092691,0.0029269715,1966.9714,94.87649,0.004092691,0.004092691,11,60.21376
30470,0,0.4085104,0.0028903687,1963.3258,94.70061,0.004085104,0.004085104,11,60.009926
30487,0,0.40622878,0.0027802964,1952.3624,94.1717,0.0040622875,0.0040622875,11,59.857822
30503,0,0.4025383,0.0026022552,1934.6293,93.31619,0.004025383,0.004025383,11,59.98316
30521,0,0.39774185,0.0023708588,1911.5818,92.20431,0.0039774184,0.0039774184,11,59.934513
30537,0,0.3922427,0.002105561,1885.1577,90.92953,0.003922427,0.003922427,11,59.817333
30555,0,0.38614222,0.0018628804,1855.8442,89.51537,0.0038614222,0.0038614222,11,60.032368
30571,0,0.3800659,0.001833564,1826.646,88.106926,0.0038006587,0.0038006587,11,59.659428
30587,0,0.3742683,0.001805592,1798.784,86.76294,0.0037426827,0.0037426827,11,59.920853
30604,0,0.36934882,0.0017818573,1775.1417,85.6225,0.0036934882,0.0036934882,11,59.971973
30620,0,0.3654592,0.0017630919,1756.4487,84.72081,0.003654592,0.003654592,11,60.18142
30637,0,0.36288324,0.0017506632,1744.0684,84.12361,0.0036288323,0.0036288323,11,59.932663
30654,0,0.36202103,0.0017465034,1739.9236,83.923676,0.00362021,0.00362021,11,59.918213
30671,0,0.36265177,0.0017769322,1742.9539,84.06986,0.0036265175,0.0036265175,11,59.959415
30687,0,0.365256,0.0019025692,1755.4677,84.67357,0.00365256,0.00365256,11,60.009857
30704,0,0.36902672,0.0020844801,1773.5864,85.547676,0.0036902672,0.0036902672,11,60.10859
30720,0,0.3744574,0.0023464726,1799.6815,86.80659,0.0037445738,0.0037445738,11,60.08655
30737,0,0.38119948,0.0026717323,1832.0782,88.36951,0.0038119948,0.0038119948,11,59.974186
30754,0,0.38831118,0.003014823,1866.251,90.018105,0.0038831118,0.0038831118,11,60.00512
30770,0,0.39600843,0.003386163,1903.2373,91.802444,0.003960084,0.003960084,11,60.090027
30787,0,0.4028,0.003713809,1935.8717,93.37683,0.004028,0.004028,11,59.999584
30804,0,0.40934226,0.0040294286,1967.3082,94.893425,0.0040934226,0.0040934226,11,59.92905
30821,0,0.41509688,0.0043070493,1994.96,96.22743,0.0041509685,0.0041509685,11,59.93963
30837,0,0.41892272,0.00449162,2013.3436,97.11432,0.0041892272,0.0041892272,11,60.023544
30854,0,0.4215158,0.0046167183,2025.8037,97.71544,0.004215158,0.004215158,11,60.04228
30870,0,0.4216771,0.004624501,2026.5789,97.75282,0.004216771,0.004216771,11,60.133133
30887,0,0.4201722,0.0045518996,2019.3477,97.40398,0.004201722,0.004201722,11,59.912678
30904,0,0.41721812,0.004409385,2005.1528,96.71917,0.0041721812,0.0041721812,11,59.923805
30920,0,0.41191012,0.0041533103,1979.6471,95.48869,0.004119101,0.004119101,11,59.990257
30938,0,0.40585437,0.0038611619,1950.5485,94.084885,0.0040585436,0.0040585436,11,59.747326
30956,0,0.3982733,0.0034954266,1914.1202,92.32747,0.003982733,0.003982733,11,59.327663
30972,0,0.38993236,0.0030930343,1874.0409,90.39392,0.0038993235,0.0038993235,11,59.722847
30988,0,0.38178292,0.0026998792,1834.8817,88.50475,0.003817829,0.003817829,11,59.96726
31004,0,0.37287572,0.002270168,1792.0814,86.43993,0.0037287571,0.0037287571,11,60.265842
31021,0,0.36537755,0.0019084325,1756.0516,84.701744,0.0036537754,0.0036537754,11,60.22375
31037,0,0.35821766,0.0017281537,1721.6475,83.04209,0.0035821765,0.0035821765,11,60.042656
31054,0,0.35230774,0.0016996412,1693.2468,81.67213,0.0035230774,0.0035230774,11,60.10555
31070,0,0.34839898,0.0016807825,1674.4608,80.76595,0.0034839897,0.0034839897,11,60.197243
31087,0,0.34497982,0.0016642862,1658.0287,79.97332,0.003449798,0.003449798,11,60.055355
31104,0,0.3430871,0.0016551559,1648.9316,79.5345,0.003430871,0.003430871,11,60.069267
31121,0,0.34083554,0.0016442931,1638.1113,79.012566,0.0034083554,0.0034083554,11,59.912395
31138,0,0.33937114,0.0016372276,1631.0732,78.67307,0.0033937113,0.0033937113,11,59.937046
31154,0,0.33881542,0.0016345461,1628.4019,78.54422,0.003388154,0.003388154,11,60.08678
31170,0,0.33775997,0.0016294547,1623.33,78.29956,0.0033775996,0.0033775996,11,60.227818
31188,0,0.3381496,0.0016482519,1625.2014,78.389854,0.003381496,0.003381496,11,59.824944
31204,0,0.33818,0.0016497184,1625.3475,78.3969,0.0033818,0.0033818,11,60.17176
