elapsedTime,eventRecognized,frq_rt, col_rt, frq_m, col_m, amp_rt, amp_m, total, framerate;
17397,0,680.5357,55.067463,428.33188,34.659676,1.5392152E-4,0.26263857,128,20.899153
17440,0,680.5357,55.067463,428.33188,34.659676,1.5392152E-4,0.26263857,128,21.132998
17482,0,680.5357,55.067463,428.33188,34.659676,1.5392152E-4,0.26263857,128,21.386507
17525,0,680.5357,55.067463,428.33188,34.659676,1.5392152E-4,0.26263857,128,21.595741
17570,0,680.5357,55.067463,428.33188,34.659676,1.5392152E-4,0.26263857,128,21.76344
17615,0,680.5357,55.067463,428.33188,34.659676,1.5392152E-4,0.26263857,128,21.71367
17657,0,680.5357,55.067463,428.33188,34.659676,1.5392152E-4,0.26263857,128,21.879166
17699,0,680.5357,55.067463,428.33188,34.659676,1.5392152E-4,0.26263857,128,22.059856
17744,0,680.5357,55.067463,428.33188,34.659676,1.5392152E-4,0.26263857,128,22.221378
17786,0,680.5357,55.067463,428.33188,34.659676,1.5392152E-4,0.26263857,128,22.254093
17828,0,680.5357,55.067463,428.33188,34.659676,1.5392152E-4,0.26263857,128,22.405455
17870,0,680.5357,55.067463,428.33188,34.659676,1.5392152E-4,0.26263857,128,22.55608
17913,0,680.5357,55.067463,428.33188,34.659676,1.5392152E-4,0.26263857,128,22.641197
17959,0,680.5357,55.067463,428.33188,34.659676,1.5392152E-4,0.26263857,128,22.72542
18005,0,680.5357,55.067463,428.33188,34.659676,1.5392152E-4,0.26263857,128,22.459057
18047,0,680.5357,55.067463,428.33188,34.659676,1.5392152E-4,0.26263857,128,22.602251
18090,0,680.5357,55.067463,428.33188,34.659676,1.5392152E-4,0.26263857,128,22.69481
18134,0,680.5357,55.067463,428.33188,34.659676,1.5392152E-4,0.26263857,128,22.799822
18178,0,680.5357,55.067463,428.33188,34.659676,1.5392152E-4,0.26263857,128,22.75993
18223,0,680.5357,55.067463,428.33188,34.659676,1.5392152E-4,0.26263857,128,22.750755
18267,0,680.5357,55.067463,428.33188,34.659676,1.5392152E-4,0.26263857,128,22.667097
18309,0,680.5357,55.067463,428.33188,34.659676,1.5392152E-4,0.26263857,128,22.748043
18355,0,680.5357,55.067463,428.33188,34.659676,1.5392152E-4,0.26263857,128,22.818647
18400,0,680.5357,55.067463,428.33188,34.659676,1.5392152E-4,0.26263857,128,22.533207
18442,0,680.5357,55.067463,428.33188,34.659676,1.5392152E-4,0.26263857,128,22.706818
18485,0,680.5357,55.067463,428.33188,34.659676,1.5392152E-4,0.26263857,128,22.77943
18527,0,680.5357,55.067463,428.33188,34.659676,1.5392152E-4,0.26263857,128,22.88665
18569,0,680.5357,55.067463,428.33188,34.659676,1.5392152E-4,0.26263857,128,22.997475
18612,0,680.5357,55.067463,428.33188,34.659676,1.5392152E-4,0.26263857,128,23.03072
18654,0,680.5357,55.067463,428.33188,34.659676,1.5392152E-4,0.26263857,128,23.073328
18697,0,680.5357,55.067463,428.33188,34.659676,1.5392152E-4,0.26263857,128,23.12656
18743,0,680.5357,55.067463,428.33188,34.659676,1.5392152E-4,0.26263857,128,23.169662
18795,0,680.5357,55.067463,428.33188,34.659676,1.5392152E-4,0.26263857,128,22.456284
18845,0,680.5357,55.067463,428.33188,34.659676,1.5392152E-4,0.26263857,128,22.236616
18891,0,680.5357,55.067463,428.33188,34.659676,1.5392152E-4,0.26263857,128,22.649921
18935,0,680.5357,55.067463,428.33188,34.659676,1.5392152E-4,0.26263857,128,22.618898
18978,0,680.5357,55.067463,428.33188,34.659676,1.5392152E-4,0.26263857,128,22.605791
19024,0,680.5357,55.067463,428.33188,34.659676,1.5392152E-4,0.26263857,128,22.572435
19069,0,680.5357,55.067463,428.33188,34.659676,1.5392152E-4,0.26263857,128,22.555225
19127,0,680.5357,55.067463,428.33188,34.659676,1.5392152E-4,0.26263857,128,22.593237
19173,0,680.5357,55.067463,428.33188,34.659676,1.5392152E-4,0.26263857,128,22.051044
19219,0,680.5357,55.067463,428.33188,34.659676,1.5392152E-4,0.26263857,128,21.938871
19261,0,680.5357,55.067463,428.33188,34.659676,1.5392152E-4,0.26263857,128,21.974401
19303,0,680.5357,55.067463,428.33188,34.659676,1.5392152E-4,0.26263857,128,22.168823
19345,0,680.5357,55.067463,428.33188,34.659676,1.5392152E-4,0.26263857,128,22.35341
19390,0,680.5357,55.067463,428.33188,34.659676,1.5392152E-4,0.26263857,128,22.484625
19432,0,680.5357,55.067463,428.33188,34.659676,1.5392152E-4,0.26263857,128,22.482561
19474,0,680.5357,55.067463,428.33188,34.659676,1.5392152E-4,0.26263857,128,22.588428
19518,0,680.5357,55.067463,428.33188,34.659676,1.5392152E-4,0.26263857,128,22.727707
19561,0,680.5357,55.067463,428.33188,34.659676,1.5392152E-4,0.26263857,128,22.612995
19604,0,680.5357,55.067463,428.33188,34.659676,1.5392152E-4,0.26263857,128,22.838282
19646,0,680.5357,55.067463,428.33188,34.659676,1.5392152E-4,0.26263857,128,22.878744
19687,0,680.5357,55.067463,428.33188,34.659676,1.5392152E-4,0.26263857,128,22.977753
19731,0,680.5357,55.067463,428.33188,34.659676,1.5392152E-4,0.26263857,128,23.059525
19776,0,680.5357,55.067463,428.33188,34.659676,1.5392152E-4,0.26263857,128,23.041521
19818,0,680.5357,55.067463,428.33188,34.659676,1.5392152E-4,0.26263857,128,22.966692
19860,0,680.5357,55.067463,428.33188,34.659676,1.5392152E-4,0.26263857,128,23.032463
19906,0,680.5357,55.067463,428.33188,34.659676,1.5392152E-4,0.26263857,128,23.107374
19948,0,680.5357,55.067463,428.33188,34.659676,1.5392152E-4,0.26263857,128,22.927729
19991,0,680.5357,55.067463,428.33188,34.659676,1.5392152E-4,0.26263857,128,23.073864
20033,0,680.5357,55.067463,428.33188,34.659676,1.5392152E-4,0.26263857,128,23.1245
20076,0,680.5357,55.067463,428.33188,34.659676,1.5392152E-4,0.26263857,128,23.18066
20118,0,680.5357,55.067463,428.33188,34.659676,1.5392152E-4,0.26263857,128,23.212687
20161,0,680.5357,55.067463,428.33188,34.659676,1.5392152E-4,0.26263857,128,23.282652
20207,0,680.5357,55.067463,428.33188,34.659676,1.5392152E-4,0.26263857,128,23.183973
20251,0,680.5357,55.067463,428.33188,34.659676,1.5392152E-4,0.26263857,128,23.096497
20295,0,680.5357,55.067463,428.33188,34.659676,1.5392152E-4,0.26263857,128,22.946579
20337,0,680.5357,55.067463,428.33188,34.659676,1.5392152E-4,0.26263857,128,23.028309
20380,0,680.5357,55.067463,428.33188,34.659676,1.5392152E-4,0.26263857,128,23.116886
20428,0,680.5357,55.067463,428.33188,34.659676,1.5392152E-4,0.26263857,128,23.165154
20470,0,680.5357,55.067463,428.33188,34.659676,1.5392152E-4,0.26263857,128,22.90939
20512,0,680.5357,55.067463,428.33188,34.659676,1.5392152E-4,0.26263857,128,23.006668
20555,0,680.5357,55.067463,428.33188,34.659676,1.5392152E-4,0.26263857,128,23.060335
20598,0,680.5357,55.067463,428.33188,34.659676,1.5392152E-4,0.26263857,128,23.13118
20642,0,680.5357,55.067463,428.33188,34.659676,1.5392152E-4,0.26263857,128,23.001944
20684,0,680.5357,55.067463,428.33188,34.659676,1.5392152E-4,0.26263857,128,23.129791
20727,0,680.5357,55.067463,428.33188,34.659676,1.5392152E-4,0.26263857,128,23.198994
20771,0,680.5357,55.067463,428.33188,34.659676,1.5392152E-4,0.26263857,128,23.20049
20813,0,680.5357,55.067463,428.33188,34.659676,1.5392152E-4,0.26263857,128,23.128996
20855,0,680.5357,55.067463,428.33188,34.659676,1.5392152E-4,0.26263857,128,23.202333
20897,0,680.5357,55.067463,428.33188,34.659676,1.5392152E-4,0.26263857,128,23.28172
20941,0,680.5357,55.067463,428.33188,34.659676,1.5392152E-4,0.26263857,128,23.298624
20985,0,680.5357,55.067463,428.33188,34.659676,1.5392152E-4,0.26263857,128,23.120388
21029,0,680.5357,55.067463,428.33188,34.659676,1.5392152E-4,0.26263857,128,23.231815
21072,0,680.5357,55.067463,428.33188,34.659676,1.5392152E-4,0.26263857,128,23.18158
21114,0,680.5357,55.067463,428.33188,34.659676,1.5392152E-4,0.26263857,128,23.196476
21157,0,680.5357,55.067463,428.33188,34.659676,1.5392152E-4,0.26263857,128,23.285854
21205,0,680.5357,55.067463,428.33188,34.659676,1.5392152E-4,0.26263857,128,23.229141
21248,0,680.5357,55.067463,428.33188,34.659676,1.5392152E-4,0.26263857,128,23.013412
21292,0,680.5357,55.067463,428.33188,34.659676,1.5392152E-4,0.26263857,128,23.034018
21335,0,680.5357,55.067463,428.33188,34.659676,1.5392152E-4,0.26263857,128,22.858353
21378,0,680.5357,55.067463,428.33188,34.659676,1.5392152E-4,0.26263857,128,23.050169
21424,0,680.5357,55.067463,428.33188,34.659676,1.5392152E-4,0.26263857,128,23.09364
21466,0,680.5357,55.067463,428.33188,34.659676,1.5392152E-4,0.26263857,128,22.97379
21508,0,680.5357,55.067463,428.33188,34.659676,1.5392152E-4,0.26263857,128,23.02788
21551,0,680.5357,55.067463,428.33188,34.659676,1.5392152E-4,0.26263857,128,23.051344
21594,0,680.5357,55.067463,428.33188,34.659676,1.5392152E-4,0.26263857,128,23.084763
21638,0,680.5357,55.067463,428.33188,34.659676,1.5392152E-4,0.26263857,128,23.151373
21681,0,680.5357,55.067463,428.33188,34.659676,1.5392152E-4,0.26263857,128,22.998701
21723,0,680.5357,55.067463,428.33188,34.659676,1.5392152E-4,0.26263857,128,23.16835
21766,0,680.5357,55.067463,428.33188,34.659676,1.5392152E-4,0.26263857,128,23.197195
21811,0,680.5357,55.067463,428.33188,34.659676,1.5392152E-4,0.26263857,128,23.221682
21853,0,680.5357,55.067463,428.33188,34.659676,1.5392152E-4,0.26263857,128,23.12895
21896,0,680.5357,55.067463,428.33188,34.659676,1.5392152E-4,0.26263857,128,23.215197
21950,0,680.5357,55.067463,428.33188,34.659676,1.5392152E-4,0.26263857,128,23.220419
22001,0,680.5357,55.067463,428.33188,34.659676,1.5392152E-4,0.26263857,128,22.540432
22043,0,680.5357,55.067463,428.33188,34.659676,1.5392152E-4,0.26263857,128,22.51823
22085,0,680.5357,55.067463,428.33188,34.659676,1.5392152E-4,0.26263857,128,22.643179
22128,0,680.5357,55.067463,428.33188,34.659676,1.5392152E-4,0.26263857,128,22.784431
22175,0,680.5357,55.067463,428.33188,34.659676,1.5392152E-4,0.26263857,128,22.801949
22222,0,680.5357,55.067463,428.33188,34.659676,1.5392152E-4,0.26263857,128,22.676828
22264,0,680.5357,55.067463,428.33188,34.659676,1.5392152E-4,0.26263857,128,22.530338
22308,0,680.5357,55.067463,428.33188,34.659676,1.5392152E-4,0.26263857,128,22.662874
22359,0,680.5357,55.067463,428.33188,34.659676,1.5392152E-4,0.26263857,128,22.54352
22403,0,680.5357,55.067463,428.33188,34.659676,1.5392152E-4,0.26263857,128,22.273104
22448,0,680.5357,55.067463,428.33188,34.659676,1.5392152E-4,0.26263857,128,22.410639
22491,0,680.5357,55.067463,428.33188,34.659676,1.5392152E-4,0.26263857,128,22.382877
22535,0,680.5357,55.067463,428.33188,34.659676,1.5392152E-4,0.26263857,128,22.445797
22576,0,680.5357,55.067463,428.33188,34.659676,1.5392152E-4,0.26263857,128,22.552938
22620,0,680.5357,55.067463,428.33188,34.659676,1.5392152E-4,0.26263857,128,22.687176
22664,0,680.5357,55.067463,428.33188,34.659676,1.5392152E-4,0.26263857,128,22.5675
22706,0,680.5357,55.067463,428.33188,34.659676,1.5392152E-4,0.26263857,128,22.763279
22749,0,680.5357,55.067463,428.33188,34.659676,1.5392152E-4,0.26263857,128,22.85319
22793,0,680.5357,55.067463,428.33188,34.659676,1.5392152E-4,0.26263857,128,22.831839
22837,0,680.5357,55.067463,428.33188,34.659676,1.5392152E-4,0.26263857,128,22.849463
22879,0,680.5357,55.067463,428.33188,34.659676,1.5392152E-4,0.26263857,128,22.877865
22923,0,680.5357,55.067463,428.33188,34.659676,1.5392152E-4,0.26263857,128,22.944788
22967,0,680.5357,55.067463,428.33188,34.659676,1.5392152E-4,0.26263857,128,22.820269
23011,0,680.5357,55.067463,428.33188,34.659676,1.5392152E-4,0.26263857,128,22.901628
23054,0,680.5357,55.067463,428.33188,34.659676,1.5392152E-4,0.26263857,128,22.907446
23095,0,680.5357,55.067463,428.33188,34.659676,1.5392152E-4,0.26263857,128,22.973759
23138,0,680.5357,55.067463,428.33188,34.659676,1.5392152E-4,0.26263857,128,23.059162
23186,0,680.5357,55.067463,428.33188,34.659676,1.5392152E-4,0.26263857,128,23.09304
23230,0,680.5357,55.067463,428.33188,34.659676,1.5392152E-4,0.26263857,128,22.858793
23274,0,680.5357,55.067463,428.33188,34.659676,1.5392152E-4,0.26263857,128,22.863672
23319,0,680.5357,55.067463,428.33188,34.659676,1.5392152E-4,0.26263857,128,22.701475
23362,0,680.5357,55.067463,428.33188,34.659676,1.5392152E-4,0.26263857,128,22.823189
23404,0,680.5357,55.067463,428.33188,34.659676,1.5392152E-4,0.26263857,128,22.865242
23450,0,680.5357,55.067463,428.33188,34.659676,1.5392152E-4,0.26263857,128,22.968422
23492,0,680.5357,55.067463,428.33188,34.659676,1.5392152E-4,0.26263857,128,22.854292
23537,0,680.5357,55.067463,428.33188,34.659676,1.5392152E-4,0.26263857,128,22.909754
23580,0,680.5357,55.067463,428.33188,34.659676,1.5392152E-4,0.26263857,128,22.727894
23626,0,680.5357,55.067463,428.33188,34.659676,1.5392152E-4,0.26263857,128,22.967304
23685,0,680.5357,55.067463,428.33188,34.659676,1.5392152E-4,0.26263857,128,22.786413
23732,0,680.5357,55.067463,428.33188,34.659676,1.5392152E-4,0.26263857,128,22.201393
23786,0,680.5357,55.067463,428.33188,34.659676,1.5392152E-4,0.26263857,128,22.083637
23833,0,680.5357,55.067463,428.33188,34.659676,1.5392152E-4,0.26263857,128,21.737917
23878,0,680.5357,55.067463,428.33188,34.659676,1.5392152E-4,0.26263857,128,21.702099
23921,0,680.5357,55.067463,428.33188,34.659676,1.5392152E-4,0.26263857,128,21.667725
23980,0,680.5357,55.067463,428.33188,34.659676,1.5392152E-4,0.26263857,128,21.94585
24027,0,680.5357,55.067463,428.33188,34.659676,1.5392152E-4,0.26263857,128,21.454998
24070,0,680.5357,55.067463,428.33188,34.659676,1.5392152E-4,0.26263857,128,21.395342
24112,0,680.5357,55.067463,428.33188,34.659676,1.5392152E-4,0.26263857,128,21.62979
24155,0,680.5357,55.067463,428.33188,34.659676,1.5392152E-4,0.26263857,128,21.842112
24207,0,680.5357,55.067463,428.33188,34.659676,1.5392152E-4,0.26263857,128,21.994371
24251,0,680.5357,55.067463,428.33188,34.659676,1.5392152E-4,0.26263857,128,21.637619
24293,0,680.5357,55.067463,428.33188,34.659676,1.5392152E-4,0.26263857,128,21.880081
24335,0,680.5357,55.067463,428.33188,34.659676,1.5392152E-4,0.26263857,128,22.082293
24378,0,680.5357,55.067463,428.33188,34.659676,1.5392152E-4,0.26263857,128,22.218704
24420,0,680.5357,55.067463,428.33188,34.659676,1.5392152E-4,0.26263857,128,22.334955
24467,0,680.5357,55.067463,428.33188,34.659676,1.5392152E-4,0.26263857,128,22.516485
24511,0,680.5357,55.067463,428.33188,34.659676,1.5392152E-4,0.26263857,128,22.25974
24555,0,680.5357,55.067463,428.33188,34.659676,1.5392152E-4,0.26263857,128,22.46703
24601,0,680.5357,55.067463,428.33188,34.659676,1.5392152E-4,0.26263857,128,22.438297
24646,0,680.5357,55.067463,428.33188,34.659676,1.5392152E-4,0.26263857,128,22.351175
24697,0,680.5357,55.067463,428.33188,34.659676,1.5392152E-4,0.26263857,128,22.101719
24740,0,680.5357,55.067463,428.33188,34.659676,1.5392152E-4,0.26263857,128,22.154026
24785,0,680.5357,55.067463,428.33188,34.659676,1.5392152E-4,0.26263857,128,22.245403
24830,0,680.5357,55.067463,428.33188,34.659676,1.5392152E-4,0.26263857,128,22.158491
24872,0,680.5357,55.067463,428.33188,34.659676,1.5392152E-4,0.26263857,128,22.277405
24915,0,680.5357,55.067463,428.33188,34.659676,1.5392152E-4,0.26263857,128,22.400967
24958,0,680.5357,55.067463,428.33188,34.659676,1.5392152E-4,0.26263857,128,22.511024
25003,0,680.5357,55.067463,428.33188,34.659676,1.5392152E-4,0.26263857,128,22.551434
25047,0,680.5357,55.067463,428.33188,34.659676,1.5392152E-4,0.26263857,128,22.560453
25090,0,680.5357,55.067463,428.33188,34.659676,1.5392152E-4,0.26263857,128,22.456575
25132,0,680.5357,55.067463,428.33188,34.659676,1.5392152E-4,0.26263857,128,22.685305
25176,0,680.5357,55.067463,428.33188,34.659676,1.5392152E-4,0.26263857,128,22.783752
25225,0,680.5357,55.067463,428.33188,34.659676,1.5392152E-4,0.26263857,128,22.793049
25268,0,680.5357,55.067463,428.33188,34.659676,1.5392152E-4,0.26263857,128,22.553562
25310,0,680.5357,55.067463,428.33188,34.659676,1.5392152E-4,0.26263857,128,22.617247
25354,0,680.5357,55.067463,428.33188,34.659676,1.5392152E-4,0.26263857,128,22.680243
25397,0,680.5357,55.067463,428.33188,34.659676,1.5392152E-4,0.26263857,128,22.594408
25439,0,680.5357,55.067463,428.33188,34.659676,1.5392152E-4,0.26263857,128,22.8088
25482,0,680.5357,55.067463,428.33188,34.659676,1.5392152E-4,0.26263857,128,22.938745
25525,0,680.5357,55.067463,428.33188,34.659676,1.5392152E-4,0.26263857,128,22.925333
25567,0,680.5357,55.067463,428.33188,34.659676,1.5392152E-4,0.26263857,128,22.999292
25610,0,680.5357,55.067463,428.33188,34.659676,1.5392152E-4,0.26263857,128,23.083065
25653,0,680.5357,55.067463,428.33188,34.659676,1.5392152E-4,0.26263857,128,22.93641
25695,0,680.5357,55.067463,428.33188,34.659676,1.5392152E-4,0.26263857,128,23.126253
25738,0,680.5357,55.067463,428.33188,34.659676,1.5392152E-4,0.26263857,128,23.205511
25781,0,680.5357,55.067463,428.33188,34.659676,1.5392152E-4,0.26263857,128,23.186129
25824,0,680.5357,55.067463,428.33188,34.659676,1.5392152E-4,0.26263857,128,23.227451
25868,0,680.5357,55.067463,428.33188,34.659676,1.5392152E-4,0.26263857,128,23.2105
25912,0,680.5357,55.067463,428.33188,34.659676,1.5392152E-4,0.26263857,128,23.126211
25955,0,680.5357,55.067463,428.33188,34.659676,1.5392152E-4,0.26263857,128,23.021872
25998,0,680.5357,55.067463,428.33188,34.659676,1.5392152E-4,0.26263857,128,23.158504
26041,0,680.5357,55.067463,428.33188,34.659676,1.5392152E-4,0.26263857,128,23.119312
26084,0,680.5357,55.067463,428.33188,34.659676,1.5392152E-4,0.26263857,128,23.198336
26125,0,680.5357,55.067463,428.33188,34.659676,1.5392152E-4,0.26263857,128,23.230013
26170,0,680.5357,55.067463,428.33188,34.659676,1.5392152E-4,0.26263857,128,23.304785
26217,0,680.5357,55.067463,428.33188,34.659676,1.5392152E-4,0.26263857,128,23.074291
26259,0,680.5357,55.067463,428.33188,34.659676,1.5392152E-4,0.26263857,128,23.030947
26302,0,680.5357,55.067463,428.33188,34.659676,1.5392152E-4,0.26263857,128,23.075361
26347,0,680.5357,55.067463,428.33188,34.659676,1.5392152E-4,0.26263857,128,23.125134
26398,0,680.5357,55.067463,428.33188,34.659676,1.5392152E-4,0.26263857,128,23.016071
26442,0,680.5357,55.067463,428.33188,34.659676,1.5392152E-4,0.26263857,128,22.665445
26488,0,680.5357,55.067463,428.33188,34.659676,1.5392152E-4,0.26263857,128,22.606447
26542,0,680.5357,55.067463,428.33188,34.659676,1.5392152E-4,0.26263857,128,22.569418
26586,0,680.5357,55.067463,428.33188,34.659676,1.5392152E-4,0.26263857,128,22.165514
26629,0,680.5357,55.067463,428.33188,34.659676,1.5392152E-4,0.26263857,128,22.241703
26671,0,680.5357,55.067463,428.33188,34.659676,1.5392152E-4,0.26263857,128,22.3639
26713,0,680.5357,55.067463,428.33188,34.659676,1.5392152E-4,0.26263857,128,22.500404
26758,0,680.5357,55.067463,428.33188,34.659676,1.5392152E-4,0.26263857,128,22.60715
26801,0,680.5357,55.067463,428.33188,34.659676,1.5392152E-4,0.26263857,128,22.437977
26844,0,680.5357,55.067463,428.33188,34.659676,1.5392152E-4,0.26263857,128,22.706047
26890,0,680.5357,55.067463,428.33188,34.659676,1.5392152E-4,0.26263857,128,22.792898
26933,0,680.5357,55.067463,428.33188,34.659676,1.5392152E-4,0.26263857,128,22.658176
26976,0,680.5357,55.067463,428.33188,34.659676,1.5392152E-4,0.26263857,128,22.667473
27022,0,680.5357,55.067463,428.33188,34.659676,1.5392152E-4,0.26263857,128,22.766373
27065,0,680.5357,55.067463,428.33188,34.659676,1.5392152E-4,0.26263857,128,22.58957
27108,0,680.5357,55.067463,428.33188,34.659676,1.5392152E-4,0.26263857,128,22.768175
27150,0,680.5357,55.067463,428.33188,34.659676,1.5392152E-4,0.26263857,128,22.848877
27196,0,680.5357,55.067463,428.33188,34.659676,1.5392152E-4,0.26263857,128,22.891325
27242,0,680.5357,55.067463,428.33188,34.659676,1.5392152E-4,0.26263857,128,22.775589
27287,0,680.5357,55.067463,428.33188,34.659676,1.5392152E-4,0.26263857,128,22.692425
27331,0,680.5357,55.067463,428.33188,34.659676,1.5392152E-4,0.26263857,128,22.482155
27373,0,680.5357,55.067463,428.33188,34.659676,1.5392152E-4,0.26263857,128,22.721691
27416,0,680.5357,55.067463,428.33188,34.659676,1.5392152E-4,0.26263857,128,22.827255
27459,0,680.5357,55.067463,428.33188,34.659676,1.5392152E-4,0.26263857,128,22.846336
27503,0,680.5357,55.067463,428.33188,34.659676,1.5392152E-4,0.26263857,128,22.939072
27545,0,680.5357,55.067463,428.33188,34.659676,1.5392152E-4,0.26263857,128,22.914974
27589,0,680.5357,55.067463,428.33188,34.659676,1.5392152E-4,0.26263857,128,22.9887
27631,0,680.5357,55.067463,428.33188,34.659676,1.5392152E-4,0.26263857,128,22.86166
27674,0,680.5357,55.067463,428.33188,34.659676,1.5392152E-4,0.26263857,128,23.036499
27716,0,680.5357,55.067463,428.33188,34.659676,1.5392152E-4,0.26263857,128,23.103918
27759,0,680.5357,55.067463,428.33188,34.659676,1.5392152E-4,0.26263857,128,23.134789
27802,0,680.5357,55.067463,428.33188,34.659676,1.5392152E-4,0.26263857,128,23.140533
27845,0,680.5357,55.067463,428.33188,34.659676,1.5392152E-4,0.26263857,128,23.176176
27891,0,680.5357,55.067463,428.33188,34.659676,1.5392152E-4,0.26263857,128,23.058786
27933,0,680.5357,55.067463,428.33188,34.659676,1.5392152E-4,0.26263857,128,23.083149
27976,0,680.5357,55.067463,428.33188,34.659676,1.5392152E-4,0.26263857,128,23.099594
28020,0,680.5357,55.067463,428.33188,34.659676,1.5392152E-4,0.26263857,128,23.107458
28063,0,680.5357,55.067463,428.33188,34.659676,1.5392152E-4,0.26263857,128,23.069735
28106,0,680.5357,55.067463,428.33188,34.659676,1.5392152E-4,0.26263857,128,23.118204
28149,0,680.5357,55.067463,428.33188,34.659676,1.5392152E-4,0.26263857,128,23.158312
28198,0,680.5357,55.067463,428.33188,34.659676,1.5392152E-4,0.26263857,128,22.996487
28243,0,680.5357,55.067463,428.33188,34.659676,1.5392152E-4,0.26263857,128,22.847172
28285,0,680.5357,55.067463,428.33188,34.659676,1.5392152E-4,0.26263857,128,22.837215
28327,0,680.5357,55.067463,428.33188,34.659676,1.5392152E-4,0.26263857,128,22.919945
28371,0,680.5357,55.067463,428.33188,34.659676,1.5392152E-4,0.26263857,128,22.964586
28414,0,680.5357,55.067463,428.33188,34.659676,1.5392152E-4,0.26263857,128,22.96214
28457,0,680.5357,55.067463,428.33188,34.659676,1.5392152E-4,0.26263857,128,22.86628
28500,0,680.5357,55.067463,428.33188,34.659676,1.5392152E-4,0.26263857,128,23.041092
28546,0,680.5357,55.067463,428.33188,34.659676,1.5392152E-4,0.26263857,128,23.06256
28588,0,680.5357,55.067463,428.33188,34.659676,1.5392152E-4,0.26263857,128,22.958176
28630,0,680.5357,55.067463,428.33188,34.659676,1.5392152E-4,0.26263857,128,23.021305
28674,0,680.5357,55.067463,428.33188,34.659676,1.5392152E-4,0.26263857,128,23.096073
28716,0,680.5357,55.067463,428.33188,34.659676,1.5392152E-4,0.26263857,128,22.984776
28759,0,680.5357,55.067463,428.33188,34.659676,1.5392152E-4,0.26263857,128,23.150259
28801,0,680.5357,55.067463,428.33188,34.659676,1.5392152E-4,0.26263857,128,23.156202
28847,0,680.5357,55.067463,428.33188,34.659676,1.5392152E-4,0.26263857,128,23.235731
28891,0,680.5357,55.067463,428.33188,34.659676,1.5392152E-4,0.26263857,128,23.09896
28934,0,680.5357,55.067463,428.33188,34.659676,1.5392152E-4,0.26263857,128,23.001442
28978,0,680.5357,55.067463,428.33188,34.659676,1.5392152E-4,0.26263857,128,23.103006
29023,0,680.5357,55.067463,428.33188,34.659676,1.5392152E-4,0.26263857,128,22.89994
29066,0,680.5357,55.067463,428.33188,34.659676,1.5392152E-4,0.26263857,128,22.994421
29107,0,680.5357,55.067463,428.33188,34.659676,1.5392152E-4,0.26263857,128,23.041636
29150,0,680.5357,55.067463,428.33188,34.659676,1.5392152E-4,0.26263857,128,23.104176
29189,0,680.5357,55.067463,428.33188,34.659676,1.5392152E-4,0.26263857,128,23.13921
29237,0,680.5357,55.067463,428.33188,34.659676,1.5392152E-4,0.26263857,128,23.445765
29281,0,680.5357,55.067463,428.33188,34.659676,1.5392152E-4,0.26263857,128,23.011705
29327,0,680.5357,55.067463,428.33188,34.659676,1.5392152E-4,0.26263857,128,23.209839
29370,0,680.5357,55.067463,428.33188,34.659676,1.5392152E-4,0.26263857,128,23.073692
29413,0,680.5357,55.067463,428.33188,34.659676,1.5392152E-4,0.26263857,128,23.064816
29455,0,680.5357,55.067463,428.33188,34.659676,1.5392152E-4,0.26263857,128,23.10574
29497,0,680.5357,55.067463,428.33188,34.659676,1.5392152E-4,0.26263857,128,23.165365
29543,0,680.5357,55.067463,428.33188,34.659676,1.5392152E-4,0.26263857,128,23.218857
29585,0,680.5357,55.067463,428.33188,34.659676,1.5392152E-4,0.26263857,128,23.015924
29628,0,680.5357,55.067463,428.33188,34.659676,1.5392152E-4,0.26263857,128,23.174606
29671,0,680.5357,55.067463,428.33188,34.659676,1.5392152E-4,0.26263857,128,23.150124
29713,0,680.5357,55.067463,428.33188,34.659676,1.5392152E-4,0.26263857,128,23.214062
29757,0,680.5357,55.067463,428.33188,34.659676,1.5392152E-4,0.26263857,128,23.25303
29801,0,680.5357,55.067463,428.33188,34.659676,1.5392152E-4,0.26263857,128,23.223509
29844,0,680.5357,55.067463,428.33188,34.659676,1.5392152E-4,0.26263857,128,23.017147
29890,0,680.5357,55.067463,428.33188,34.659676,1.5392152E-4,0.26263857,128,23.175386
29941,0,680.5357,55.067463,428.33188,34.659676,1.5392152E-4,0.26263857,128,23.04218
29983,0,680.5357,55.067463,428.33188,34.659676,1.5392152E-4,0.26263857,128,22.720621
30026,0,680.5357,55.067463,428.33188,34.659676,1.5392152E-4,0.26263857,128,22.824286
30070,0,680.5357,55.067463,428.33188,34.659676,1.5392152E-4,0.26263857,128,22.85962
30114,0,680.5357,55.067463,428.33188,34.659676,1.5392152E-4,0.26263857,128,22.722471
30158,0,680.5357,55.067463,428.33188,34.659676,1.5392152E-4,0.26263857,128,22.809025
30205,0,680.5357,55.067463,428.33188,34.659676,1.5392152E-4,0.26263857,128,22.77102
30254,0,680.5357,55.067463,428.33188,34.659676,1.5392152E-4,0.26263857,128,22.608522
30297,0,680.5357,55.067463,428.33188,34.659676,1.5392152E-4,0.26263857,128,22.40327
30340,0,680.5357,55.067463,428.33188,34.659676,1.5392152E-4,0.26263857,128,22.509912
30384,0,680.5357,55.067463,428.33188,34.659676,1.5392152E-4,0.26263857,128,22.616398
30428,0,680.5357,55.067463,428.33188,34.659676,1.5392152E-4,0.26263857,128,22.542625
30475,0,680.5357,55.067463,428.33188,34.659676,1.5392152E-4,0.26263857,128,22.690943
30517,0,680.5357,55.067463,428.33188,34.659676,1.5392152E-4,0.26263857,128,22.533419
30561,0,680.5357,55.067463,428.33188,34.659676,1.5392152E-4,0.26263857,128,22.65749
30603,0,680.5357,55.067463,428.33188,34.659676,1.5392152E-4,0.26263857,128,22.663965
30646,0,680.5357,55.067463,428.33188,34.659676,1.5392152E-4,0.26263857,128,22.782387
30689,0,680.5357,55.067463,428.33188,34.659676,1.5392152E-4,0.26263857,128,22.681118
30731,0,680.5357,55.067463,428.33188,34.659676,1.5392152E-4,0.26263857,128,22.907295
30774,0,680.5357,55.067463,428.33188,34.659676,1.5392152E-4,0.26263857,128,23.02087
30816,0,680.5357,55.067463,428.33188,34.659676,1.5392152E-4,0.26263857,128,23.023575
30859,0,680.5357,55.067463,428.33188,34.659676,1.5392152E-4,0.26263857,128,23.113424
30902,0,680.5357,55.067463,428.33188,34.659676,1.5392152E-4,0.26263857,128,23.135239
30954,0,680.5357,55.067463,428.33188,34.659676,1.5392152E-4,0.26263857,128,23.089172
30997,0,680.5357,55.067463,428.33188,34.659676,1.5392152E-4,0.26263857,128,22.648127
31040,0,680.5357,55.067463,428.33188,34.659676,1.5392152E-4,0.26263857,128,22.842356
31085,0,680.5357,55.067463,428.33188,34.659676,1.5392152E-4,0.26263857,128,22.908545
31128,0,680.5357,55.067463,428.33188,34.659676,1.5392152E-4,0.26263857,128,22.82459
31166,0,680.5357,55.067463,428.33188,34.659676,1.5392152E-4,0.26263857,128,22.893684
31212,0,680.5357,55.067463,428.33188,34.659676,1.5392152E-4,0.26263857,128,23.264135
31255,0,680.5357,55.067463,428.33188,34.659676,1.5392152E-4,0.26263857,128,22.979174
31299,0,680.5357,55.067463,428.33188,34.659676,1.5392152E-4,0.26263857,128,23.118752
31344,0,680.5357,55.067463,428.33188,34.659676,1.5392152E-4,0.26263857,128,23.056423
31386,0,680.5357,55.067463,428.33188,34.659676,1.5392152E-4,0.26263857,128,23.022848
31428,0,680.5357,55.067463,428.33188,34.659676,1.5392152E-4,0.26263857,128,23.091843
31472,0,680.5357,55.067463,428.33188,34.659676,1.5392152E-4,0.26263857,128,23.100258
31516,0,680.5357,55.067463,428.33188,34.659676,1.5392152E-4,0.26263857,128,22.962488
31560,0,680.5357,55.067463,428.33188,34.659676,1.5392152E-4,0.26263857,128,23.12752
31603,0,680.5357,55.067463,428.33188,34.659676,1.5392152E-4,0.26263857,128,23.06054
31645,0,680.5357,55.067463,428.33188,34.659676,1.5392152E-4,0.26263857,128,23.0943
31687,0,680.5357,55.067463,428.33188,34.659676,1.5392152E-4,0.26263857,128,23.153563
31730,0,680.5357,55.067463,428.33188,34.659676,1.5392152E-4,0.26263857,128,23.2212
31775,0,680.5357,55.067463,428.33188,34.659676,1.5392152E-4,0.26263857,128,23.236027
31817,0,680.5357,55.067463,428.33188,34.659676,1.5392152E-4,0.26263857,128,23.045353
31859,0,680.5357,55.067463,428.33188,34.659676,1.5392152E-4,0.26263857,128,23.196486
31902,0,680.5357,55.067463,428.33188,34.659676,1.5392152E-4,0.26263857,128,23.254805
31948,0,680.5357,55.067463,428.33188,34.659676,1.5392152E-4,0.26263857,128,23.267693
31990,0,680.5357,55.067463,428.33188,34.659676,1.5392152E-4,0.26263857,128,23.116749
32036,0,680.5357,55.067463,428.33188,34.659676,1.5392152E-4,0.26263857,128,23.184813
32080,0,680.5357,55.067463,428.33188,34.659676,1.5392152E-4,0.26263857,128,22.951813
32122,0,680.5357,55.067463,428.33188,34.659676,1.5392152E-4,0.26263857,128,23.08254
32164,0,680.5357,55.067463,428.33188,34.659676,1.5392152E-4,0.26263857,128,23.123463
32210,0,680.5357,55.067463,428.33188,34.659676,1.5392152E-4,0.26263857,128,23.202005
32253,0,680.5357,55.067463,428.33188,34.659676,1.5392152E-4,0.26263857,128,23.004442
32297,0,680.5357,55.067463,428.33188,34.659676,1.5392152E-4,0.26263857,128,23.067259
32340,0,680.5357,55.067463,428.33188,34.659676,1.5392152E-4,0.26263857,128,23.053154
32384,0,680.5357,55.067463,428.33188,34.659676,1.5392152E-4,0.26263857,128,22.929525
32426,0,680.5357,55.067463,428.33188,34.659676,1.5392152E-4,0.26263857,128,23.069187
32467,0,680.5357,55.067463,428.33188,34.659676,1.5392152E-4,0.26263857,128,23.116245
32510,0,680.5357,55.067463,428.33188,34.659676,1.5392152E-4,0.26263857,128,23.233244
32552,0,680.5357,55.067463,428.33188,34.659676,1.5392152E-4,0.26263857,128,23.256868
32597,0,680.5357,55.067463,428.33188,34.659676,1.5392152E-4,0.26263857,128,23.319828
32644,1,680.5357,55.067463,428.33188,34.659676,1.5392152E-4,0.26263857,128,23.060514
32689,0,680.5357,55.067463,428.33188,34.659676,1.5392152E-4,0.26263857,128,22.944448
32731,0,680.5357,55.067463,428.33188,34.659676,1.5392152E-4,0.26263857,128,22.961777
32774,0,680.5357,55.067463,428.33188,34.659676,1.5392152E-4,0.26263857,128,23.023012
32817,0,680.5357,55.067463,428.33188,34.659676,1.5392152E-4,0.26263857,128,23.05605
32861,0,680.5357,55.067463,428.33188,34.659676,1.5392152E-4,0.26263857,128,23.09548
32904,0,680.5357,55.067463,428.33188,34.659676,1.5392152E-4,0.26263857,128,22.925028
32950,0,680.5357,55.067463,428.33188,34.659676,1.5392152E-4,0.26263857,128,23.106428
32993,0,680.5357,55.067463,428.33188,34.659676,1.5392152E-4,0.26263857,128,22.965212
33036,0,680.5357,55.067463,428.33188,34.659676,1.5392152E-4,0.26263857,128,22.996372
33080,0,680.5357,55.067463,428.33188,34.659676,1.5392152E-4,0.26263857,128,23.008287
33123,0,680.5357,55.067463,428.33188,34.659676,1.5392152E-4,0.26263857,128,23.011189
33167,0,680.5357,55.067463,428.33188,34.659676,1.5392152E-4,0.26263857,128,23.033361
33214,0,680.5357,55.067463,428.33188,34.659676,1.5392152E-4,0.26263857,128,22.862644
33256,0,680.5357,55.067463,428.33188,34.659676,1.5392152E-4,0.26263857,128,22.844595
33300,0,680.5357,55.067463,428.33188,34.659676,1.5392152E-4,0.26263857,128,22.920807
33343,0,680.5357,55.067463,428.33188,34.659676,1.5392152E-4,0.26263857,128,22.900814
33385,0,680.5357,55.067463,428.33188,34.659676,1.5392152E-4,0.26263857,128,22.968672
33428,0,680.5357,55.067463,428.33188,34.659676,1.5392152E-4,0.26263857,128,23.024235
33471,0,680.5357,55.067463,428.33188,34.659676,1.5392152E-4,0.26263857,128,22.872267
33514,0,680.5357,55.067463,428.33188,34.659676,1.5392152E-4,0.26263857,128,23.121565
33556,0,680.5357,55.067463,428.33188,34.659676,1.5392152E-4,0.26263857,128,23.15671
33600,0,680.5357,55.067463,428.33188,34.659676,1.5392152E-4,0.26263857,128,23.20694
33644,0,680.5357,55.067463,428.33188,34.659676,1.5392152E-4,0.26263857,128,23.127132
33686,0,680.5357,55.067463,428.33188,34.659676,1.5392152E-4,0.26263857,128,23.137814
