elapsedTime,eventRecognized,frq_rt, col_rt, frq_m, col_m, amp_rt, amp_m, total, framerate;
2462,0,0.5001852,231.81818,0.49029556,227.23468,2.8805545E-4,0.48154247,226,47.979607
2663,0,0.5001852,231.81818,0.48958233,226.90411,1.4329255E-4,0.48093683,226,43.59643
2791,0,0.5001852,231.81818,0.49008107,227.13525,9.3844574E-5,0.48062712,226,39.73164
2911,0,0.5001852,231.81818,0.490141,227.16304,2.2580297E-4,0.47943294,225,36.53672
3034,0,0.5001852,231.81818,0.49047515,227.3179,9.708796E-5,0.47942024,225,33.718174
3149,0,0.5001852,231.81818,0.4893743,226.80771,1.16517505E-4,0.4787936,225,31.167614
3267,0,0.5001852,231.81818,0.48901454,226.64096,1.4476845E-4,0.4771869,224,28.922415
3384,0,0.5001852,231.81818,0.4880587,226.19795,9.625836E-5,0.47565776,224,26.874155
3505,0,0.5001852,231.81818,0.48805234,226.19502,1.0924287E-4,0.4753105,223,25.040947
3621,0,0.5001852,231.81818,0.48736346,225.87575,1.08997076E-4,0.47462648,223,23.357037
3732,0,0.5001852,231.81818,0.48639965,225.42906,1.2728495E-4,0.4729821,222,21.889128
3839,0,0.5001852,231.81818,0.4863789,225.41943,1.0145955E-4,0.47168636,222,20.603428
3946,0,0.5001852,231.81818,0.48556596,225.04266,1.2832676E-4,0.47112206,222,19.480272
4055,0,0.5001852,231.81818,0.4864217,225.43927,1.2311884E-4,0.47066993,221,18.468296
4170,0,0.5001852,231.81818,0.48605075,225.26735,1.4343506E-4,0.46920305,221,17.536839
4289,0,0.5001852,231.81818,0.485257,224.89948,1.2349998E-4,0.46842378,220,16.652891
4396,0,0.5001852,231.81818,0.48519886,224.87253,1.3537772E-4,0.46728927,220,15.809442
4498,0,0.5001852,231.81818,0.48444784,224.52446,1.1709919E-4,0.46664765,219,15.182443
4625,0,0.5001852,231.81818,0.4842733,224.44357,1.261101E-4,0.46542212,219,14.637144
4731,0,0.5001852,231.81818,0.48453897,224.5667,1.241123E-4,0.4640698,218,13.96413
4831,0,0.5001852,231.81818,0.48563296,225.07372,9.4073446E-5,0.4619866,217,13.514957
4942,0,0.5001852,231.81818,0.48479545,224.68556,1.0491452E-4,0.4614966,217,13.156185
5050,0,0.5001852,231.81818,0.483747,224.19965,8.678125E-5,0.46103665,217,12.735868
5153,0,0.5001852,231.81818,0.4837197,224.187,9.724487E-5,0.45895603,216,12.401693
5269,0,0.5001852,231.81818,0.4846034,224.59656,1.2805173E-4,0.4576822,215,12.130267
5369,0,0.5001852,231.81818,0.4843075,224.45941,8.567914E-5,0.45570028,215,11.775387
5469,0,0.5001852,231.81818,0.48484358,224.70787,7.3097064E-5,0.45358628,214,11.587385
5569,0,0.5001852,231.81818,0.48377508,224.21266,1.12077854E-4,0.45182648,213,11.443552
5669,0,0.5001852,231.81818,0.48309222,223.89618,1.160281E-4,0.45054206,212,11.289351
5767,0,0.5001852,231.81818,0.48418963,224.40479,1.1036182E-4,0.44926944,212,11.166902
5862,0,0.5001852,231.81818,0.48338002,224.02957,1.1827451E-4,0.44711533,211,11.085064
5960,0,0.5001852,231.81818,0.48427376,224.44379,1.0895524E-4,0.44605073,210,10.992636
6054,0,0.5001852,231.81818,0.48472312,224.65205,1.138645E-4,0.44484258,210,10.942137
6150,0,0.5001852,231.81818,0.48588178,225.18904,1.1821062E-4,0.44383204,209,10.900386
6251,0,0.5001852,231.81818,0.48486504,224.71782,1.0473326E-4,0.44258398,209,10.854626
6345,0,0.5001852,231.81818,0.483946,224.29187,9.4403105E-5,0.44176754,208,10.750142
6438,0,0.5001852,231.81818,0.48458502,224.58804,8.985262E-5,0.44069386,208,10.75867
6531,0,0.5001852,231.81818,0.4837709,224.21072,8.499644E-5,0.44003928,208,10.751686
6629,0,0.5001852,231.81818,0.4834364,224.0557,1.0194174E-4,0.44002065,208,10.756498
6728,0,0.5001852,231.81818,0.4831354,223.9162,9.4053394E-5,0.43781152,207,10.69346
6822,0,0.5001852,231.81818,0.48240367,223.57706,8.423967E-5,0.43699732,206,10.638231
6921,0,0.5001852,231.81818,0.48261827,223.67651,1.2033004E-4,0.43488723,205,10.540518
7015,0,0.5001852,231.81818,0.4816256,223.21645,1.9887812E-4,0.43260962,204,10.606748
7104,0,0.5001852,231.81818,0.4827814,223.75214,8.408142E-5,0.43228874,204,10.614245
7201,0,0.5001852,231.81818,0.48178878,223.29208,1.10308305E-4,0.43052927,203,10.666091
7288,0,0.5001852,231.81818,0.482947,223.82887,1.468791E-4,0.42884746,202,10.6438265
7375,0,0.5001852,231.81818,0.48295364,223.83195,1.7021179E-4,0.42653263,201,10.725477
7464,0,0.5001852,231.81818,0.48252997,223.6356,8.493633E-5,0.4245735,201,10.7998905
7551,0,0.5001852,231.81818,0.48200986,223.39455,1.2479417E-4,0.4243643,200,10.832549
7641,0,0.5001852,231.81818,0.48184156,223.31654,1.0574898E-4,0.42413744,200,10.92145
7727,0,0.5001852,231.81818,0.48267812,223.70425,1.20498225E-4,0.42334828,200,10.924872
7813,0,0.5001852,231.81818,0.48230815,223.53279,2.5943416E-4,0.42325893,200,10.988106
7898,0,0.5001852,231.81818,0.48270622,223.71729,6.738241E-5,0.4218917,199,11.06575
7988,0,0.5001852,231.81818,0.48253846,223.63954,1.4237854E-4,0.42116567,199,11.127833
8076,0,18.495823,231.81818,0.50479054,6.326813,0.0019716911,0.41981098,198,11.11262
8163,0,334.06198,231.81818,0.9223279,0.640038,0.019337084,0.4192494,198,11.158487
8255,0,416.64728,231.81818,1.8159816,1.0103931,0.0060034194,0.41919258,198,11.182467
8339,0,444.52237,231.81818,2.8403294,1.4812303,0.0047204164,0.41777018,197,11.161714
8422,0,452.70047,231.81818,3.9066954,2.0005348,1.5940669E-4,0.4160528,197,11.240135
8509,0,452.70047,231.81818,4.982432,2.5513964,2.8326287E-4,0.4145669,196,11.303304
8591,0,452.70047,231.81818,6.059664,3.1030235,2.680731E-4,0.4122316,195,11.336067
8683,0,452.70047,231.81818,7.136429,3.6544118,2.4749135E-4,0.41025504,194,11.382586
8764,0,452.70047,231.81818,8.214166,4.206298,1.6258603E-4,0.40837026,193,11.3723
8844,0,452.70047,231.81818,9.290848,4.7576437,1.1251198E-4,0.40720552,193,11.458881
8924,0,452.70047,231.81818,10.366593,5.3085093,1.1911087E-4,0.40687266,193,11.569135
9073,0,452.70047,231.81818,11.442079,5.8592424,1.0385286E-4,0.40463144,192,11.655251
9242,0,452.70047,231.81818,12.518943,6.4106817,1.19093194E-4,0.40331644,191,11.155729
9326,0,601.92346,231.81818,13.773473,5.3045635,0.006857736,0.40120316,190,10.621349
9406,0,1480.0369,231.81819,16.250662,2.5453415,0.0022087311,0.40101463,190,10.810549
9484,0,1508.1073,231.81818,19.807669,3.0447288,0.0034873937,0.40019372,190,10.992772
9562,0,1684.4547,231.81818,23.770298,3.2713182,0.005991886,0.39919806,189,11.1691
9642,0,1722.5619,231.81818,27.894482,3.7539713,0.008561691,0.39753634,188,11.330375
9722,0,1727.1357,231.81818,31.999258,4.294978,0.016669115,0.39750952,188,11.44614
9803,0,1769.8905,231.81818,36.16575,4.736947,0.004199512,0.39602906,188,11.555491
9881,0,1769.5834,231.77794,40.38006,5.2889323,-2.5547534E-4,0.39421144,187,11.620983
9959,0,1769.5834,231.77794,44.5922,5.840634,4.259912E-4,0.39412463,187,11.762287
10039,0,1711.731,224.20052,48.78922,6.3903546,0.0011047758,0.3930419,186,11.848403
10114,0,1346.231,176.32774,52.80894,6.916853,0.01040517,0.39090616,185,11.920348
10193,0,1062.6119,139.17966,55.799507,7.3085537,0.0030160497,0.39062777,185,12.071253
10271,0,1062.6119,139.17966,58.329044,7.6398697,-3.6037999E-4,0.38978124,185,12.127158
10351,0,955.3238,125.12719,60.594273,7.9365664,0.0010675929,0.38836136,184,12.184389
10426,0,955.3238,125.12719,62.868633,8.234459,4.549211E-5,0.38650924,183,12.198675
10499,0,961.8381,125.980415,65.1497,8.533231,0.008492183,0.38536972,183,12.359741
10573,0,858.45953,112.44002,67.390915,8.826783,0.007364774,0.38526124,183,12.477268
10650,0,792.7881,103.83845,69.401985,9.090191,0.002220497,0.38303488,182,12.577552
10721,0,688.5643,90.18734,71.1384,9.317623,0.006117775,0.3812977,181,12.633838
10794,0,581.6738,76.18695,72.70082,9.522268,0.003727511,0.37952685,180,12.7572155
10866,0,581.36664,76.14671,74.08374,9.703401,-1.7976749E-4,0.3788492,180,12.836144
10938,0,1367.8881,179.16437,76.39616,10.006279,0.0044362354,0.37662023,179,12.959282
11017,0,1377.2881,180.39557,79.66075,10.433871,0.007664395,0.37528315,178,13.050042
11093,0,1356.1453,177.6263,82.91071,10.859548,0.0049953465,0.37476552,178,13.025726
11164,0,1356.1453,177.6263,86.138374,11.282302,-6.614168E-4,0.3731425,177,13.036439
11239,0,1321.3857,173.07355,89.335464,11.701055,0.0023103214,0.37215307,177,13.118163
11311,0,1419.2,185.88515,92.584366,12.126592,5.1669794E-4,0.37114722,177,13.16063
11380,0,1411.719,184.90529,95.94695,12.567019,0.0032132282,0.37055096,176,13.197066
11449,0,1417.9762,185.72485,99.31249,13.0078335,0.0057153013,0.37048328,176,13.363684
11517,0,1414.0786,185.21434,102.680275,13.448941,-6.153181E-4,0.36893377,176,13.485762
11585,0,1415.3071,185.37526,106.05101,13.890436,0.0014100388,0.36853454,175,13.597232
11658,0,1413.7643,185.17319,109.41415,14.3309355,2.6195598E-4,0.36794147,175,13.718812
11727,0,1413.7643,185.17319,112.77862,14.77161,9.9355115E-5,0.36776307,175,13.698291
11796,0,1413.7643,185.17319,116.142456,15.212201,1.05792074E-4,0.36697882,175,13.800167
11864,0,1591.6167,208.46808,119.72016,15.680806,0.004731693,0.36611015,174,13.8262825
11931,0,1591.6167,208.46808,123.5085,16.176998,-2.186019E-4,0.3640823,173,13.942987
11998,0,1591.6167,208.46808,127.29629,16.673119,2.0339442E-4,0.3622194,172,14.0463
12067,0,1591.6167,208.46808,131.08507,17.169367,3.7155332E-4,0.3615179,172,14.1301155
12132,0,1584.8286,207.57898,134.85637,17.663328,0.0015191305,0.36101088,172,14.165771
12202,0,1581.1428,207.09622,138.62437,18.156857,3.5584386E-4,0.3596105,171,14.264066
12269,0,1581.1428,207.09622,142.38751,18.64975,6.376841E-5,0.35759372,170,14.290952
12346,0,1581.1428,207.09622,146.15045,19.142614,9.990885E-5,0.35755253,170,14.363068
12428,0,1581.1428,207.09622,149.91383,19.635538,1.1828414E-4,0.3574496,170,14.171005
12496,0,1581.1428,207.09622,153.67845,20.128622,1.0582166E-4,0.3573665,170,14.010052
12560,0,1581.1428,207.09622,157.44226,20.621601,1.1216515E-4,0.35658544,170,14.09827
12623,0,1581.1428,207.09622,161.20607,21.114582,1.35123E-4,0.35589367,170,14.260122
12690,0,1581.1428,207.09622,164.96924,21.607475,1.257174E-4,0.35355774,169,14.4078245
12753,0,1581.1428,207.09622,168.7337,22.100542,1.3667934E-4,0.35330698,168,14.446682
12817,1,1581.1428,207.09622,172.49754,22.593525,1.8276117E-4,0.35296667,168,14.61323
12883,0,1581.1428,207.09622,176.26086,23.086441,1.13150345E-4,0.35246032,168,14.666666
12948,0,1574.9143,206.28041,180.01291,23.577879,0.001228631,0.35220706,168,14.703102
13023,0,1743.0548,228.30327,183.96077,24.094965,7.255841E-4,0.35020766,167,14.497862
13096,0,1756.9048,230.11732,188.12842,24.640839,5.1097956E-4,0.34906703,167,14.46962
13169,0,1756.9048,230.11732,192.31087,25.18865,2.675206E-4,0.34843445,166,14.383839
13243,0,1756.9048,230.11732,196.49318,25.736444,1.4701916E-4,0.34826523,166,14.279116
13316,0,1756.9048,230.11732,200.67445,26.284103,1.666445E-4,0.34762868,166,14.33592
13376,0,1756.9048,230.11732,204.85732,26.83197,1.0686078E-4,0.34654558,165,14.420048
13435,0,1756.9048,230.11732,209.03867,27.379639,1.16555515E-4,0.3441995,164,14.670702
13497,0,1756.9048,230.11732,213.22054,27.927374,1.2399307E-4,0.34313038,164,14.905832
13555,0,1756.9048,230.11732,217.40309,28.4752,1.1174294E-4,0.3424751,164,15.0372505
13614,0,1756.9048,230.11732,221.5859,29.023062,1.327614E-4,0.34078252,163,15.2094755
13675,0,1756.9048,230.11732,225.76735,29.570742,1.1168298E-4,0.33986303,162,15.406006
13735,0,1756.9048,230.11732,229.94873,30.118414,9.572934E-5,0.33879867,162,15.497955
13794,0,1756.9048,230.11732,234.1307,30.666162,8.706118E-5,0.337104,161,15.568573
13852,0,1756.9048,230.11732,238.31197,31.21382,1.04985505E-4,0.3355577,161,15.75844
13910,0,1756.9048,230.11732,242.49455,31.76165,1.2908095E-4,0.33322456,159,15.900541
13968,0,1756.9048,230.11732,246.67686,32.309444,1.0983205E-4,0.33247316,159,16.051746
14027,0,1756.9048,230.11732,250.85934,32.85726,1.0833982E-4,0.33039322,158,16.14615
14085,0,1468.5905,192.35425,254.32126,33.3107,0.012517583,0.3295464,158,16.258926
14142,0,1947.6976,231.81818,258.3825,30.75311,0.012184235,0.32880667,157,16.333519
14206,0,1819.5048,216.56044,262.94672,31.29635,0.004169024,0.32724956,157,16.470903
14263,0,1838.0358,218.76602,267.2908,31.81339,2.4425308E-4,0.32625163,156,16.36142
14322,0,1775.2357,211.29146,271.6266,32.32944,0.007396971,0.32494584,156,16.515947
14378,0,1700.3785,202.38184,275.79044,32.825027,0.0020613235,0.32394093,155,16.563223
14434,0,1700.3452,202.37787,279.71378,33.291992,0.0051888693,0.32292342,155,16.67688
14489,0,1660.4095,197.62468,283.75192,33.772617,0.0066833743,0.3222064,154,16.80366
14543,0,1545.0571,183.89523,287.57434,34.227573,-1.6692549E-4,0.32104295,154,16.954525
14602,0,1512.6571,180.03893,291.21484,34.66087,5.671843E-4,0.320902,154,17.11446
14667,0,1572.6262,187.17656,294.87494,35.096497,0.003229239,0.31981856,153,16.98137
14742,0,1576.1405,187.59482,298.4384,35.520626,0.007269103,0.31967396,153,16.880968
14800,0,2864.8596,231.81818,303.52252,24.560379,0.0036482268,0.3184697,153,16.539518
14853,0,2774.9905,224.54616,310.23502,25.103539,0.005404041,0.3184113,153,16.633028
14907,0,2697.1594,218.24823,316.73145,25.629217,0.004442506,0.31633714,152,16.827873
14963,0,2647.681,214.24454,323.15295,26.14883,0.0056391656,0.31471458,151,17.012524
15017,0,2700.7786,218.54109,329.48944,26.661564,0.0037609674,0.31317863,150,17.093662
15072,0,2535.1523,205.13898,335.52808,27.150198,0.0049459822,0.31265724,150,17.249496
15128,0,2334.681,188.91728,341.32324,27.61913,0.0043549873,0.3112549,150,17.194927
15182,0,2179.6404,176.37173,346.77435,28.06022,0.002133198,0.31039152,149,17.418442
15237,0,1776.5596,143.75531,351.53104,28.445122,0.0025683371,0.30960032,149,17.557537
15281,0,1497.75,121.19466,355.18854,28.74108,0.002715139,0.3089091,149,17.61174
15336,0,1460.4309,118.17487,358.71924,29.026775,1.414821E-4,0.30714825,148,18.116997
15387,0,1218.4928,98.59777,361.93024,29.286604,0.002906112,0.30664954,147,18.12222
15437,0,1043.8762,84.468185,364.62888,29.50497,4.4565706E-4,0.30565786,147,18.274
15489,0,722.4881,58.46216,366.72205,29.674347,0.0017903314,0.30560258,147,18.42745
15539,0,724.45953,58.62168,368.43506,29.81296,0.002237643,0.30528572,147,18.463882
15590,0,718.71906,58.157177,370.14984,29.951715,0.004491389,0.30445853,147,18.652485
15640,0,791.43097,64.040855,371.98135,30.099918,0.0028812694,0.30357158,146,18.77564
15705,0,815.5238,65.9904,373.9311,30.257685,0.0036100592,0.30230406,146,18.434996
15756,0,815.5238,65.9904,375.8708,30.414642,-3.0512142E-4,0.30161694,145,18.556343
15806,0,774.30475,62.65505,377.76236,30.567703,4.962634E-4,0.30077058,145,18.709536
15855,0,731.9524,59.22799,379.5172,30.709703,0.0021573564,0.2996242,144,18.842499
15908,0,720.9857,58.340588,381.23947,30.849064,0.0015750201,0.29851007,144,18.964716
15960,0,700.63574,56.693913,382.9407,30.986723,0.0019515606,0.2975742,143,18.81835
